196 .True. # Number of lines, conductive flag
# 5 line header for n-k original data
# Gold Au -  Hagemann et al. (1975), Babar & Weaver (2015) - (metallic)
# Taken from: https://refractiveindex.info/?shelf=main&book=Au&page=Babar
# wl(um)      n                k
8.266E-06 1.000E+00 2.56E-09
1.494E-05 1.002E+00 1.95E-08
1.550E-05 1.000E+00 5.22E-09
2.480E-05 1.000E+00 3.05E-08
4.133E-05 1.000E+00 1.85E-07
6.199E-05 1.000E+00 8.83E-07
8.266E-05 1.000E+00 2.28E-06
8.856E-05 1.001E+00 1.94E-06
9.537E-05 1.001E+00 2.56E-06
1.240E-04 1.000E+00 2.53E-06
2.480E-04 1.001E+00 2.87E-05
4.275E-04 9.990E-01 1.64E-04
4.350E-04 9.990E-01 1.45E-04
4.959E-04 1.000E+00 2.11E-04
6.199E-04 1.000E+00 1.20E-04
1.240E-03 9.980E-01 9.60E-04
1.550E-03 9.970E-01 1.63E-03
2.066E-03 9.960E-01 3.40E-03
2.480E-03 9.950E-01 4.71E-03
3.542E-03 9.920E-01 7.31E-03
4.133E-03 9.910E-01 8.95E-03
4.428E-03 9.890E-01 9.76E-03
4.769E-03 9.880E-01 1.06E-02
5.166E-03 9.870E-01 1.13E-02
5.636E-03 9.860E-01 1.18E-02
6.199E-03 9.830E-01 1.15E-02
6.525E-03 9.810E-01 1.11E-02
6.888E-03 9.790E-01 1.07E-02
7.293E-03 9.750E-01 1.03E-02
7.749E-03 9.700E-01 1.01E-02
8.266E-03 9.630E-01 1.01E-02
8.856E-03 9.550E-01 1.09E-02
9.184E-03 9.490E-01 1.18E-02
9.537E-03 9.440E-01 1.33E-02
9.919E-03 9.370E-01 1.52E-02
1.033E-02 9.290E-01 1.78E-02
1.078E-02 9.200E-01 2.24E-02
1.127E-02 9.110E-01 2.83E-02
1.181E-02 9.000E-01 3.53E-02
1.240E-02 8.890E-01 4.54E-02
1.305E-02 8.770E-01 5.70E-02
1.333E-02 8.720E-01 6.36E-02
1.362E-02 8.680E-01 7.18E-02
1.393E-02 8.650E-01 8.07E-02
1.409E-02 8.660E-01 8.38E-02
1.417E-02 8.650E-01 8.44E-02
1.425E-02 8.630E-01 8.70E-02
1.442E-02 8.620E-01 9.18E-02
1.459E-02 8.640E-01 9.56E-02
1.467E-02 8.650E-01 9.62E-02
1.476E-02 8.650E-01 9.38E-02
1.485E-02 8.610E-01 9.43E-02
1.494E-02 8.600E-01 9.63E-02
1.512E-02 8.570E-01 1.01E-01
1.550E-02 8.530E-01 1.09E-01
1.590E-02 8.500E-01 1.17E-01
1.631E-02 8.470E-01 1.24E-01
1.675E-02 8.420E-01 1.31E-01
1.722E-02 8.350E-01 1.40E-01
1.771E-02 8.280E-01 1.55E-01
1.823E-02 8.270E-01 1.71E-01
1.879E-02 8.280E-01 1.86E-01
1.937E-02 8.300E-01 1.99E-01
2.000E-02 8.330E-01 2.11E-01
2.066E-02 8.380E-01 2.19E-01
2.138E-02 8.360E-01 2.23E-01
2.214E-02 8.300E-01 2.30E-01
2.296E-02 8.200E-01 2.41E-01
2.384E-02 8.080E-01 2.55E-01
2.480E-02 7.950E-01 2.72E-01
2.530E-02 7.870E-01 2.84E-01
2.583E-02 7.780E-01 2.98E-01
2.638E-02 7.710E-01 3.15E-01
2.695E-02 7.670E-01 3.35E-01
2.755E-02 7.670E-01 3.55E-01
2.818E-02 7.700E-01 3.71E-01
2.883E-02 7.700E-01 3.84E-01
2.952E-02 7.660E-01 3.98E-01
3.024E-02 7.600E-01 4.15E-01
3.100E-02 7.540E-01 4.38E-01
3.179E-02 7.510E-01 4.61E-01
3.263E-02 7.490E-01 4.84E-01
3.351E-02 7.450E-01 5.11E-01
3.444E-02 7.410E-01 5.40E-01
3.542E-02 7.370E-01 5.73E-01
3.647E-02 7.300E-01 6.17E-01
3.757E-02 7.300E-01 6.72E-01
3.875E-02 7.570E-01 7.47E-01
3.999E-02 8.180E-01 7.88E-01
4.065E-02 8.440E-01 7.99E-01
4.133E-02 8.680E-01 8.04E-01
4.203E-02 8.870E-01 8.03E-01
4.275E-02 8.960E-01 8.02E-01
4.428E-02 8.920E-01 8.14E-01
4.592E-02 8.850E-01 8.55E-01
4.769E-02 8.860E-01 9.17E-01
4.959E-02 9.050E-01 1.00E+00
5.166E-02 9.530E-01 1.12E+00
5.276E-02 1.005E+00 1.18E+00
5.391E-02 1.080E+00 1.24E+00
5.510E-02 1.183E+00 1.28E+00
5.636E-02 1.292E+00 1.29E+00
5.767E-02 1.406E+00 1.27E+00
5.904E-02 1.499E+00 1.21E+00
6.199E-02 1.584E+00 1.07E+00
6.525E-02 1.612E+00 9.50E-01
6.888E-02 1.565E+00 8.65E-01
7.293E-02 1.513E+00 8.65E-01
7.749E-02 1.505E+00 8.98E-01
8.266E-02 1.540E+00 9.34E-01
8.856E-02 1.591E+00 9.22E-01
9.537E-02 1.592E+00 8.99E-01
1.033E-01 1.583E+00 9.08E-01
1.078E-01 1.569E+00 9.20E-01
1.127E-01 1.556E+00 9.45E-01
1.181E-01 1.548E+00 9.90E-01
1.240E-01 1.572E+00 1.05E+00
1.305E-01 1.585E+00 1.07E+00
1.378E-01 1.614E+00 1.14E+00
1.459E-01 1.666E+00 1.17E+00
1.550E-01 1.727E+00 1.22E+00
1.653E-01 1.786E+00 1.15E+00
1.771E-01 1.728E+00 1.13E+00
1.907E-01 1.665E+00 1.19E+00
0.2066 1.243 1.151
0.2101 1.235 1.182
0.2138 1.231 1.210
0.2175 1.225 1.245
0.2214 1.227 1.279
0.2254 1.228 1.311
0.2296 1.226 1.346
0.2339 1.228 1.381
0.2384 1.230 1.415
0.2431 1.231 1.458
0.2480 1.235 1.502
0.2530 1.248 1.555
0.2583 1.266 1.607
0.2638 1.291 1.657
0.2695 1.321 1.710
0.2755 1.374 1.757
0.2818 1.427 1.780
0.2883 1.473 1.792
0.2952 1.504 1.798
0.3024 1.536 1.813
0.3100 1.571 1.830
0.3179 1.615 1.830
0.3263 1.655 1.816
0.3351 1.668 1.778
0.3444 1.642 1.751
0.3542 1.610 1.755
0.3647 1.590 1.780
0.3757 1.576 1.801
0.3875 1.568 1.824
0.3999 1.569 1.839
0.4133 1.559 1.825
0.4275 1.530 1.811
0.4428 1.486 1.797
0.4592 1.457 1.736
0.4769 1.266 1.560
0.4959 0.8564 1.629
0.5166 0.5020 1.853
0.5391 0.3290 2.249
0.5636 0.2452 2.569
0.5904 0.1823 2.880
0.6199 0.1357 3.204
0.6525 0.1091 3.529
0.6888 0.08524 3.871
0.7293 0.07661 4.242
0.7749 0.07883 4.630
0.8266 0.08019 5.050
0.8856 0.08700 5.517
0.9537 0.09440 6.038
1.033 0.1018 6.633
1.127 0.1098 7.332
1.240 0.1351 8.142
1.305 0.1324 8.613
1.378 0.1488 9.141
1.459 0.1677 9.72
1.550 0.1898 10.35
1.653 0.1864 11.08
1.771 0.2159 11.93
1.907 0.2514 12.89
2.066 0.2965 14.00
2.254 0.3542 15.30
2.480 0.4296 16.86
2.755 0.5293 18.72
3.100 0.5591 21.09
3.542 0.7358 24.20
4.133 1.004 28.27
4.959 1.448 33.95
6.199 2.264 42.43
8.266 4.018 56.47
12.40 8.964 84.09
2.480E+01 6.550E+01 1.24E+02
1.240E+02 2.220E+02 2.56E+02
2.480E+02 3.450E+02 3.79E+02
