2000 .False. # Number of lines, conductive flag
# 5 line header for n-k original data
# Perovskite CaTiO3  - Posch et al. (2003) - (amorphous?)
# Taken from: http://www.astro.uni-jena.de/Laboratory/OCDB/tioxides.html
# wl(um)      n                k
   2.000000   2.27616787   0.00023943
   2.008000   2.27595782   0.00024165
   2.016032   2.27574658   0.00024387
   2.024096   2.27553391   0.00024829
   2.032192   2.27531767   0.00025051
   2.040321   2.27510238   0.00025273
   2.048482   2.27488351   0.00025715
   2.056676   2.27466321   0.00025937
   2.064902   2.27444124   0.00026380
   2.073162   2.27421641   0.00026602
   2.081454   2.27399182   0.00026962
   2.089780   2.27376390   0.00027267
   2.098139   2.27353454   0.00027490
   2.106531   2.27330208   0.00027932
   2.114957   2.27307010   0.00028313
   2.123417   2.27283478   0.00028598
   2.131910   2.27259803   0.00029041
   2.140438   2.27235794   0.00029264
   2.148999   2.27211666   0.00029707
   2.157595   2.27187419   0.00029961
   2.166225   2.27163053   0.00030374
   2.174890   2.27138329   0.00030818
   2.183590   2.27113461   0.00031107
   2.192324   2.27088261   0.00031485
   2.201093   2.27063012   0.00031929
   2.209897   2.27037501   0.00032373
   2.218737   2.27011728   0.00032597
   2.227612   2.26985812   0.00033041
   2.236522   2.26959777   0.00033486
   2.245468   2.26933408   0.00033930
   2.254449   2.26906776   0.00034375
   2.263467   2.26880121   0.00034820
   2.272521   2.26852989   0.00035150
   2.281611   2.26825929   0.00035491
   2.290737   2.26798344   0.00035934
   2.299900   2.26770639   0.00036380
   2.309099   2.26742792   0.00036825
   2.318336   2.26714730   0.00037271
   2.327609   2.26686406   0.00037717
   2.336919   2.26657748   0.00038321
   2.346267   2.26628995   0.00038777
   2.355651   2.26599908   0.00039276
   2.365074   2.26570654   0.00039722
   2.374534   2.26540995   0.00040168
   2.384032   2.26511383   0.00040615
   2.393568   2.26481223   0.00041062
   2.403142   2.26451015   0.00041730
   2.412755   2.26420546   0.00042177
   2.422405   2.26389837   0.00042625
   2.432095   2.26358771   0.00043293
   2.441823   2.26327515   0.00043741
   2.451590   2.26295972   0.00044189
   2.461396   2.26264095   0.00044858
   2.471242   2.26232147   0.00045306
   2.481127   2.26199865   0.00045976
   2.491051   2.26167250   0.00046425
   2.501015   2.26134467   0.00047095
   2.511019   2.26101303   0.00047544
   2.521063   2.26067924   0.00048215
   2.531147   2.26034307   0.00048885
   2.541271   2.26000381   0.00049335
   2.551436   2.25966144   0.00050006
   2.561641   2.25931597   0.00050678
   2.571888   2.25896955   0.00051258
   2.582175   2.25861788   0.00051801
   2.592504   2.25826526   0.00052473
   2.602874   2.25790787   0.00053146
   2.613285   2.25754857   0.00053818
   2.623738   2.25718665   0.00054491
   2.634233   2.25682235   0.00055165
   2.644769   2.25645399   0.00055839
   2.655349   2.25608230   0.00056513
   2.665970   2.25570774   0.00057187
   2.676633   2.25533009   0.00057862
   2.687340   2.25494957   0.00058537
   2.698089   2.25456572   0.00059212
   2.708881   2.25417852   0.00060109
   2.719716   2.25378942   0.00060785
   2.730595   2.25339508   0.00061462
   2.741517   2.25299978   0.00062164
   2.752483   2.25259972   0.00063037
   2.763493   2.25219631   0.00063740
   2.774547   2.25178909   0.00064614
   2.785645   2.25137901   0.00065292
   2.796787   2.25096631   0.00066192
   2.807974   2.25055051   0.00066966
   2.819206   2.25013065   0.00067773
   2.830482   2.24970651   0.00068675
   2.841804   2.24927974   0.00069535
   2.853171   2.24885011   0.00070257
   2.864583   2.24841547   0.00071160
   2.876042   2.24797821   0.00072064
   2.887546   2.24753571   0.00072968
   2.899096   2.24709201   0.00073872
   2.910692   2.24664235   0.00074777
   2.922335   2.24618983   0.00075683
   2.934023   2.24573469   0.00076588
   2.945759   2.24527478   0.00077495
   2.957542   2.24481082   0.00078511
   2.969372   2.24434400   0.00079523
   2.981249   2.24387264   0.00080440
   2.993174   2.24339628   0.00081348
   3.005147   2.24291706   0.00082480
   3.017167   2.24243307   0.00083456
   3.029236   2.24194646   0.00084523
   3.041352   2.24145579   0.00085578
   3.053517   2.24095917   0.00086568
   3.065732   2.24045992   0.00087656
   3.077994   2.23995614   0.00088791
   3.090306   2.23944902   0.00089752
   3.102667   2.23893595   0.00090890
   3.115077   2.23841977   0.00092027
   3.127537   2.23789907   0.00093166
   3.140048   2.23737335   0.00094305
   3.152607   2.23684525   0.00095445
   3.165218   2.23631144   0.00096651
   3.177878   2.23577237   0.00097923
   3.190590   2.23522997   0.00099093
   3.203352   2.23468256   0.00100236
   3.216165   2.23413062   0.00101604
   3.229029   2.23357391   0.00102748
   3.241945   2.23301268   0.00104117
   3.254913   2.23244810   0.00105339
   3.267932   2.23187709   0.00106635
   3.281004   2.23130131   0.00108007
   3.294127   2.23072124   0.00109358
   3.307304   2.23013616   0.00110751
   3.320533   2.22954655   0.00112128
   3.333815   2.22895241   0.00113504
   3.347150   2.22835135   0.00114877
   3.360538   2.22774816   0.00116259
   3.373980   2.22713876   0.00117637
   3.387476   2.22652245   0.00119139
   3.401025   2.22590303   0.00120623
   3.414629   2.22527838   0.00122230
   3.428288   2.22464705   0.00123613
   3.442000   2.22401118   0.00125222
   3.455768   2.22336912   0.00126802
   3.469591   2.22272325   0.00128307
   3.483469   2.22207069   0.00129831
   3.497403   2.22141314   0.00131514
   3.511392   2.22075129   0.00133217
   3.525437   2.22008252   0.00134686
   3.539539   2.21940732   0.00136520
   3.553697   2.21872663   0.00138139
   3.567911   2.21804214   0.00139940
   3.582183   2.21735144   0.00141600
   3.596512   2.21665382   0.00143456
   3.610897   2.21594977   0.00145118
   3.625340   2.21524096   0.00146977
   3.639842   2.21452618   0.00148828
   3.654401   2.21380472   0.00150670
   3.669018   2.21307755   0.00152505
   3.683694   2.21234369   0.00154358
   3.698428   2.21160388   0.00156374
   3.713222   2.21085858   0.00158306
   3.728075   2.21010637   0.00160212
   3.742986   2.20934796   0.00162233
   3.757958   2.20858216   0.00164245
   3.772990   2.20781159   0.00166452
   3.788081   2.20703316   0.00168474
   3.803234   2.20624757   0.00170464
   3.818446   2.20545745   0.00172672
   3.833720   2.20465851   0.00174874
   3.849054   2.20385385   0.00177068
   3.864450   2.20304298   0.00179255
   3.879908   2.20222425   0.00181435
   3.895427   2.20139861   0.00183835
   3.911009   2.20056462   0.00186000
   3.926652   2.19972515   0.00188386
   3.942358   2.19887877   0.00190765
   3.958128   2.19802380   0.00193138
   3.973960   2.19716287   0.00195504
   3.989856   2.19629359   0.00198090
   4.005815   2.19541812   0.00200442
   4.021838   2.19453478   0.00203017
   4.037925   2.19364333   0.00205584
   4.054077   2.19274378   0.00208146
   4.070292   2.19183850   0.00210702
   4.086574   2.19092369   0.00213479
   4.102920   2.19000196   0.00216022
   4.119331   2.18907094   0.00218789
   4.135808   2.18813276   0.00221549
   4.152351   2.18718624   0.00224304
   4.168960   2.18623233   0.00227235
   4.185636   2.18527055   0.00230025
   4.202378   2.18429899   0.00232963
   4.219187   2.18332005   0.00235806
   4.236063   2.18233156   0.00238863
   4.253007   2.18133569   0.00241863
   4.270019   2.18033075   0.00244939
   4.287099   2.17931843   0.00247983
   4.304247   2.17829514   0.00251150
   4.321464   2.17726517   0.00254312
   4.338749   2.17622542   0.00257471
   4.356104   2.17517614   0.00260815
   4.373528   2.17411804   0.00264004
   4.391022   2.17305183   0.00267399
   4.408586   2.17197347   0.00270786
   4.426220   2.17088866   0.00274162
   4.443924   2.16979218   0.00277757
   4.461699   2.16868782   0.00281305
   4.479546   2.16757369   0.00284893
   4.497464   2.16644979   0.00288470
   4.515454   2.16531658   0.00292060
   4.533515   2.16417193   0.00295788
   4.551649   2.16301918   0.00299544
   4.569855   2.16185379   0.00303292
   4.588134   2.16068006   0.00307259
   4.606486   2.15949678   0.00311216
   4.624912   2.15830088   0.00315163
   4.643412   2.15709662   0.00319099
   4.661984   2.15588045   0.00323259
   4.680632   2.15465403   0.00327407
   4.699354   2.15341663   0.00331548
   4.718152   2.15216947   0.00335678
   4.737023   2.15090942   0.00340032
   4.755972   2.14964008   0.00344376
   4.774995   2.14835882   0.00348713
   4.794095   2.14706469   0.00353274
   4.813271   2.14576149   0.00357827
   4.832523   2.14444518   0.00362372
   4.851853   2.14311862   0.00366989
   4.871261   2.14178014   0.00371672
   4.890745   2.14042926   0.00376427
   4.910308   2.13906670   0.00381380
   4.929949   2.13769174   0.00386151
   4.949668   2.13630486   0.00391135
   4.969466   2.13490582   0.00396109
   4.989344   2.13349271   0.00401303
   5.009301   2.13206983   0.00406484
   5.029338   2.13063121   0.00411653
   5.049455   2.12918115   0.00417042
   5.069653   2.12771964   0.00422420
   5.089931   2.12624264   0.00427786
   5.110291   2.12475324   0.00433375
   5.130731   2.12325120   0.00438953
   5.151253   2.12173486   0.00444755
   5.171858   2.12020612   0.00450546
   5.192545   2.11866212   0.00456327
   5.213315   2.11710548   0.00462097
   5.234168   2.11553311   0.00468094
   5.255105   2.11394739   0.00474318
   5.276125   2.11234784   0.00480533
   5.297228   2.11073303   0.00486739
   5.318417   2.10910416   0.00492965
   5.339690   2.10746193   0.00499363
   5.361050   2.10580325   0.00506020
   5.382493   2.10412931   0.00512550
   5.404022   2.10243964   0.00519289
   5.425638   2.10073566   0.00526012
   5.447340   2.09901667   0.00532962
   5.469129   2.09728003   0.00539900
   5.491005   2.09553027   0.00546823
   5.512969   2.09376192   0.00553976
   5.535021   2.09197903   0.00561355
   5.557160   2.09017849   0.00568724
   5.579388   2.08836269   0.00576084
   5.601706   2.08653045   0.00583672
   5.624112   2.08467913   0.00591492
   5.646608   2.08281326   0.00599302
   5.669194   2.08092952   0.00607105
   5.691870   2.07902741   0.00615141
   5.714638   2.07710838   0.00623280
   5.737495   2.07517147   0.00631535
   5.760445   2.07321620   0.00639778
   5.783486   2.07124376   0.00648251
   5.806621   2.06925201   0.00656955
   5.829846   2.06724286   0.00665647
   5.853165   2.06521440   0.00674329
   5.876577   2.06316710   0.00683486
   5.900084   2.06109977   0.00692393
   5.923683   2.05901265   0.00701777
   5.947378   2.05690765   0.00711136
   5.971167   2.05478168   0.00720525
   5.995051   2.05263615   0.00730134
   6.019031   2.05047107   0.00739965
   6.043107   2.04828548   0.00749824
   6.067278   2.04607868   0.00759907
   6.091548   2.04385066   0.00769989
   6.115913   2.04160190   0.00780374
   6.140376   2.03933191   0.00790824
   6.164937   2.03704071   0.00801512
   6.189597   2.03472710   0.00812195
   6.214355   2.03239107   0.00823155
   6.239212   2.03003311   0.00834423
   6.264168   2.02765298   0.00845682
   6.289225   2.02524924   0.00857108
   6.314381   2.02282333   0.00868672
   6.339638   2.02037287   0.00880407
   6.364995   2.01789927   0.00892383
   6.390456   2.01540256   0.00904605
   6.416017   2.01288056   0.00916824
   6.441680   2.01033330   0.00929292
   6.467446   2.00776386   0.00942032
   6.493317   2.00516701   0.00954974
   6.519289   2.00254583   0.00968043
   6.545366   1.99989939   0.00981294
   6.571546   1.99722648   0.00994795
   6.597833   1.99452615   0.01008298
   6.624224   1.99180257   0.01022225
   6.650720   1.98904896   0.01036312
   6.677322   1.98626924   0.01050579
   6.704031   1.98346162   0.01065104
   6.730846   1.98062754   0.01079788
   6.757770   1.97776532   0.01094815
   6.784801   1.97487330   0.01109954
   6.811940   1.97195196   0.01125398
   6.839186   1.96900332   0.01140987
   6.866543   1.96602428   0.01157019
   6.894009   1.96301436   0.01173059
   6.921585   1.95997417   0.01189618
   6.949269   1.95690453   0.01206187
   6.977067   1.95380259   0.01223031
   7.004974   1.95067108   0.01240321
   7.032994   1.94750643   0.01257775
   7.061125   1.94430888   0.01275457
   7.089369   1.94107985   0.01293562
   7.117725   1.93781662   0.01311774
   7.146197   1.93452203   0.01330348
   7.174780   1.93119061   0.01349294
   7.203479   1.92782664   0.01368523
   7.232292   1.92442715   0.01387936
   7.261221   1.92099273   0.01407881
   7.290266   1.91752255   0.01427853
   7.319427   1.91401553   0.01448393
   7.348703   1.91047144   0.01469071
   7.378098   1.90689158   0.01490304
   7.407610   1.90327358   0.01511837
   7.437240   1.89961767   0.01533589
   7.466988   1.89592147   0.01555824
   7.496856   1.89218700   0.01578365
   7.526843   1.88841259   0.01601214
   7.556949   1.88459861   0.01624641
   7.587176   1.88074410   0.01648386
   7.617525   1.87684619   0.01672588
   7.647995   1.87290680   0.01697045
   7.678586   1.86892474   0.01721829
   7.709300   1.86490071   0.01747243
   7.740137   1.86083186   0.01773008
   7.771096   1.85672021   0.01799374
   7.802180   1.85256076   0.01826089
   7.833388   1.84835756   0.01853330
   7.864722   1.84410548   0.01880770
   7.896179   1.83980775   0.01909055
   7.927764   1.83546388   0.01937528
   7.959474   1.83106983   0.01966835
   7.991312   1.82662535   0.01996278
   8.023277   1.82213283   0.02026608
   8.055368   1.81758821   0.02057347
   8.087589   1.81299329   0.02088470
   8.119941   1.80834556   0.02120265
   8.152418   1.80364454   0.02152630
   8.185028   1.79889011   0.02185758
   8.217768   1.79408026   0.02219402
   8.250638   1.78921390   0.02253603
   8.283640   1.78429139   0.02288510
   8.316774   1.77931237   0.02323852
   8.350040   1.77427411   0.02360100
   8.383441   1.76917756   0.02396958
   8.416973   1.76401985   0.02434655
   8.450641   1.75880206   0.02472822
   8.484442   1.75352097   0.02511922
   8.518380   1.74817502   0.02551544
   8.552453   1.74276793   0.02592225
   8.586661   1.73729265   0.02633616
   8.621008   1.73175049   0.02675607
   8.655492   1.72614169   0.02718548
   8.690113   1.72046340   0.02762553
   8.724874   1.71471572   0.02807170
   8.759772   1.70889592   0.02852794
   8.794811   1.70300412   0.02899354
   8.829988   1.69703758   0.02946908
   8.865309   1.69099510   0.02995446
   8.900769   1.68487704   0.03044990
   8.936373   1.67868018   0.03095541
   8.972116   1.67240214   0.03147137
   9.008004   1.66604507   0.03200046
   9.044036   1.65960324   0.03253765
   9.080211   1.65307820   0.03308785
   9.116531   1.64646888   0.03365096
   9.152996   1.63976991   0.03422501
   9.189608   1.63298082   0.03481323
   9.226367   1.62610090   0.03541368
   9.263270   1.61912906   0.03602771
   9.300323   1.61206138   0.03665554
   9.337523   1.60489738   0.03729946
   9.374873   1.59763408   0.03795592
   9.412373   1.59026837   0.03863011
   9.450021   1.58279955   0.03931725
   9.487821   1.57522655   0.04002488
   9.525771   1.56754494   0.04074647
   9.563873   1.55975389   0.04148625
   9.602129   1.55184865   0.04224455
   9.640535   1.54383087   0.04302096
   9.679098   1.53569305   0.04382044
   9.717813   1.52743399   0.04463680
   9.756683   1.51905143   0.04547488
   9.795710   1.51054180   0.04633585
   9.834892   1.50190318   0.04721959
   9.874231   1.49313259   0.04812571
   9.913727   1.48422515   0.04905658
   9.953382   1.47517753   0.05001457
   9.993195   1.46598744   0.05099691
  10.033166   1.45665038   0.05200965
  10.073298   1.44716251   0.05304847
  10.113591   1.43751979   0.05411916
  10.154045   1.42771673   0.05522177
  10.194660   1.41775203   0.05635573
  10.235438   1.40761673   0.05752551
  10.276379   1.39731193   0.05873308
  10.317484   1.38682508   0.05997407
  10.358754   1.37615752   0.06125908
  10.400187   1.36529803   0.06258331
  10.441787   1.35424578   0.06395171
  10.483555   1.34299254   0.06536371
  10.525487   1.33153582   0.06682528
  10.567589   1.31985939   0.06834114
  10.609858   1.30796373   0.06990573
  10.652297   1.29584146   0.07153061
  10.694905   1.28348386   0.07321429
  10.737684   1.27087820   0.07495891
  10.780634   1.25802088   0.07677387
  10.823756   1.24489999   0.07866066
  10.867051   1.23150921   0.08062247
  10.910518   1.21783459   0.08266600
  10.954158   1.20386589   0.08479386
  10.997975   1.18959415   0.08701536
  11.041966   1.17500126   0.08933556
  11.086133   1.16008067   0.09176225
  11.130477   1.14480925   0.09430418
  11.174999   1.12918186   0.09696809
  11.219698   1.11317742   0.09976324
  11.264576   1.09677792   0.10270189
  11.309633   1.07997060   0.10579577
  11.354872   1.06272268   0.10906404
  11.400290   1.04502916   0.11251370
  11.445890   1.02685237   0.11616649
  11.491673   1.00818098   0.12004002
  11.537641   0.98897547   0.12416222
  11.583788   0.96922058   0.12855099
  11.630123   0.94887155   0.13324848
  11.676642   0.92790300   0.13827689
  11.723350   0.90627831   0.14368322
  11.770241   0.88395870   0.14951558
  11.817321   0.86090881   0.15581869
  11.864590   0.83706993   0.16268277
  11.912048   0.81241465   0.17016385
  11.959694   0.78690696   0.17835535
  12.007532   0.76046890   0.18739170
  12.055561   0.73309666   0.19738722
  12.103783   0.70475489   0.20850831
  12.152197   0.67541254   0.22097342
  12.200805   0.64510566   0.23498972
  12.249607   0.61390537   0.25083557
  12.298606   0.58193427   0.26882437
  12.347799   0.54944092   0.28930774
  12.397189   0.51679140   0.31255898
  12.446777   0.48449889   0.33880833
  12.496564   0.45318931   0.36812642
  12.546550   0.42358017   0.40038317
  12.596734   0.39627191   0.43512908
  12.647120   0.37166026   0.47176072
  12.697708   0.34989327   0.50959623
  12.748498   0.33091918   0.54803079
  12.799491   0.31450993   0.58656764
  12.850689   0.30038020   0.62487036
  12.902090   0.28824195   0.66270459
  12.953696   0.27778304   0.69994545
  13.005510   0.26875174   0.73654157
  13.057531   0.26093957   0.77246690
  13.109763   0.25416404   0.80774206
  13.162198   0.24828406   0.84239012
  13.214849   0.24317572   0.87645143
  13.267706   0.23874114   0.90996891
  13.320776   0.23489890   0.94298434
  13.374059   0.23157936   0.97554070
  13.427552   0.22873622   1.00768244
  13.481262   0.22631480   1.03944540
  13.535189   0.22428347   1.07087886
  13.589327   0.22261246   1.10200691
  13.643683   0.22127675   1.13287520
  13.698256   0.22025894   1.16351318
  13.753050   0.21954034   1.19395185
  13.808059   0.21911933   1.22421455
  13.863292   0.21898565   1.25434244
  13.918744   0.21913464   1.28435588
  13.974419   0.21956931   1.31428039
  14.030314   0.22028947   1.34414089
  14.086435   0.22130525   1.37396109
  14.142779   0.22262803   1.40376210
  14.199350   0.22427765   1.43355942
  14.256146   0.22627234   1.46337354
  14.313169   0.22863090   1.49321485
  14.370420   0.23138635   1.52309954
  14.427902   0.23456721   1.55303025
  14.485613   0.23823024   1.58300257
  14.543554   0.24240999   1.61301029
  14.601728   0.24715935   1.64303577
  14.660135   0.25253019   1.67304397
  14.718773   0.25861418   1.70296979
  14.777647   0.26544687   1.73274601
  14.836756   0.27308390   1.76226938
  14.896105   0.28158611   1.79138076
  14.955686   0.29096726   1.81989729
  15.015508   0.30117378   1.84760797
  15.075569   0.31212291   1.87422979
  15.135870   0.32359198   1.89947844
  15.196412   0.33523920   1.92314851
  15.257196   0.34657624   1.94499576
  15.318224   0.35699993   1.96507823
  15.379498   0.36588016   1.98362494
  15.441013   0.37253818   2.00110769
  15.502776   0.37669417   2.01830912
  15.564787   0.37811929   2.03611445
  15.627045   0.37716472   2.05535698
  15.689551   0.37428513   2.07674384
  15.752309   0.37017220   2.10069895
  15.815316   0.36551455   2.12736011
  15.878578   0.36092055   2.15673113
  15.942090   0.35686195   2.18856168
  16.005857   0.35370484   2.22267842
  16.069880   0.35163197   2.25877357
  16.134159   0.35081252   2.29668403
  16.198694   0.35128620   2.33619833
  16.263487   0.35311025   2.37721872
  16.328541   0.35629827   2.41966581
  16.393854   0.36085671   2.46349263
  16.459429   0.36685419   2.50873685
  16.525265   0.37426567   2.55537200
  16.591364   0.38325566   2.60355186
  16.657730   0.39382190   2.65327430
  16.724358   0.40612784   2.70468521
  16.791254   0.42033863   2.75792003
  16.858419   0.43657860   2.81305933
  16.925854   0.45521069   2.87036538
  16.993553   0.47642845   2.92992139
  17.061527   0.50056076   2.99189496
  17.129770   0.52824819   3.05662298
  17.198290   0.55983281   3.12416267
  17.267082   0.59594434   3.19469738
  17.336147   0.63767976   3.26855922
  17.405491   0.68577790   3.34574318
  17.475115   0.74139082   3.42629266
  17.545012   0.80625176   3.51021385
  17.615191   0.88220215   3.59719920
  17.685650   0.97117549   3.68654609
  17.756392   1.07574487   3.77711987
  17.827415   1.19966340   3.86687040
  17.898726   1.34601331   3.95250463
  17.970318   1.51791155   4.02914095
  18.042200   1.71813095   4.08967304
  18.114367   1.94798338   4.12385559
  18.186823   2.20493078   4.11819935
  18.259567   2.47914052   4.06036949
  18.332607   2.75443029   3.93992543
  18.405935   3.00857449   3.75390983
  18.479557   3.21830416   3.51044393
  18.553474   3.36435509   3.22781038
  18.627687   3.44207001   2.93145275
  18.702196   3.45710087   2.64299679
  18.777004   3.42115402   2.37717533
  18.852110   3.34774160   2.14154339
  18.927519   3.24906468   1.93807006
  19.003225   3.13474965   1.76537728
  19.079239   3.01171994   1.62042105
  19.155554   2.88469005   1.50001204
  19.232178   2.75674677   1.40041018
  19.309101   2.62973833   1.31849694
  19.386337   2.50469708   1.25173926
  19.463881   2.38218927   1.19808233
  19.541735   2.26245594   1.15587127
  19.619902   2.14555812   1.12381685
  19.698378   2.03147316   1.10093391
  19.777170   1.92013717   1.08649397
  19.856279   1.81151950   1.07997978
  19.935701   1.70566058   1.08104241
  20.015442   1.60268188   1.08944976
  20.095503   1.50284219   1.10503912
  20.175884   1.40653872   1.12765408
  20.256588   1.31429648   1.15706491
  20.337612   1.22673786   1.19290924
  20.418961   1.14449608   1.23463225
  20.500637   1.06813288   1.28149176
  20.582636   0.99805689   1.33257282
  20.664967   0.93443471   1.38689148
  20.747623   0.87721419   1.44346726
  20.830614   0.82612664   1.50142622
  20.913935   0.78084809   1.56001937
  20.997587   0.74084407   1.61866415
  21.081575   0.70554042   1.67695355
  21.165903   0.67443192   1.73462033
  21.250565   0.64706028   1.79149568
  21.335566   0.62300998   1.84750569
  21.420906   0.60192084   1.90263236
  21.506590   0.58349222   1.95690799
  21.592611   0.56749499   2.01037836
  21.678982   0.55378175   2.06311941
  21.765696   0.54212290   2.11526895
  21.852758   0.53241605   2.16694617
  21.940165   0.52460867   2.21828008
  22.027927   0.51869696   2.26941752
  22.116035   0.51477289   2.32048821
  22.204498   0.51300716   2.37166381
  22.293316   0.51353210   2.42309761
  22.382486   0.51665044   2.47492528
  22.472015   0.52278501   2.52725434
  22.561905   0.53271598   2.58014870
  22.652147   0.54731053   2.63350677
  22.742754   0.56757385   2.68698454
  22.833725   0.59490401   2.73984551
  22.925058   0.63138413   2.79049730
  23.016756   0.67914635   2.83580565
  23.108822   0.73888141   2.87119794
  23.201256   0.80972111   2.89009070
  23.294060   0.88650012   2.88225722
  23.387234   0.95550996   2.84275293
  23.480780   1.00065780   2.77582669
  23.574701   1.00788379   2.69517374
  23.669001   0.97505665   2.62339306
  23.763676   0.91676247   2.57453489
  23.858727   0.84703565   2.55317163
  23.954161   0.77859706   2.55740690
  24.049976   0.71747178   2.57808733
  24.146173   0.66565871   2.60978246
  24.242758   0.62364030   2.64811540
  24.339727   0.58921969   2.68950415
  24.437086   0.56145167   2.73234558
  24.534830   0.53918451   2.77550888
  24.632969   0.52095437   2.81845045
  24.731499   0.50631863   2.86082149
  24.830425   0.49440485   2.90253615
  24.929741   0.48467979   2.94358563
  25.029461   0.47697860   2.98390412
  25.129576   0.47075853   3.02365017
  25.230093   0.46596724   3.06281328
  25.331011   0.46236104   3.10149980
  25.432333   0.45981821   3.13978124
  25.534060   0.45833573   3.17768764
  25.636198   0.45774165   3.21533775
  25.738737   0.45819446   3.25270176
  25.841690   0.45953947   3.28989267
  25.945057   0.46196344   3.32687140
  26.048836   0.46543923   3.36366534
  26.153028   0.47015604   3.40019894
  26.257639   0.47619760   3.43637729
  26.362667   0.48374733   3.47200632
  26.468119   0.49294430   3.50677419
  26.573986   0.50386435   3.54024792
  26.680283   0.51646835   3.57176447
  26.786999   0.53041482   3.60062003
  26.894148   0.54492289   3.62598109
  27.001722   0.55873680   3.64734077
  27.109726   0.57013905   3.66486764
  27.218163   0.57736123   3.67948747
  27.327036   0.57962692   3.69324994
  27.436340   0.57657158   3.70837522
  27.546083   0.56987804   3.72638345
  27.656267   0.56069928   3.74876404
  27.766891   0.55090654   3.77482629
  27.877954   0.54162389   3.80472159
  27.989466   0.53342688   3.83731318
  28.101421   0.52671546   3.87214255
  28.213827   0.52155668   3.90866804
  28.326677   0.51778746   3.94641376
  28.439983   0.51553291   3.98528290
  28.553741   0.51443517   4.02497053
  28.667955   0.51455444   4.06549740
  28.782627   0.51574951   4.10681057
  28.897751   0.51790488   4.14889145
  29.013342   0.52117306   4.19193029
  29.129396   0.52536929   4.23587465
  29.245907   0.53060329   4.28089428
  29.362890   0.53699142   4.32718325
  29.480339   0.54450125   4.37476969
  29.598259   0.55342412   4.42400169
  29.716650   0.56392026   4.47506094
  29.835516   0.57612550   4.52807570
  29.954855   0.59067506   4.58363581
  30.074675   0.60793847   4.64197636
  30.194969   0.62838823   4.70334721
  30.315746   0.65347260   4.76865196
  30.437004   0.68442845   4.83829594
  30.558756   0.72277749   4.91253662
  30.680988   0.77224642   4.99207687
  30.803707   0.83823192   5.07661772
  30.926922   0.92600584   5.16336250
  31.050629   1.04439306   5.24566078
  31.174829   1.20874858   5.29968166
  31.299526   1.40384161   5.29390526
  31.424721   1.58477712   5.20302725
  31.550419   1.68242776   5.05601072
  31.676619   1.69614661   4.93728685
  31.803322   1.69280863   4.87085342
  31.930532   1.70739079   4.83106565
  32.058258   1.74202430   4.78584719
  32.186481   1.77696264   4.71858072
  32.315228   1.79270351   4.63333368
  32.444485   1.77793300   4.54376030
  32.574265   1.73083329   4.46947384
  32.704556   1.66329312   4.43043518
  32.835373   1.59903526   4.43249464
  32.966709   1.56623816   4.47399712
  33.098579   1.60372758   4.53240299
  33.230968   1.74311185   4.50821829
  33.363888   1.83372188   4.29375267
  33.497341   1.70469844   4.05426264
  33.631329   1.47467220   3.97026992
  33.765854   1.28348053   4.00146008
  33.900913   1.15327716   4.07364655
  34.036514   1.06461155   4.15264320
  34.172661   1.00004637   4.22929955
  34.309349   0.95147741   4.30182743
  34.446579   0.91397804   4.37012386
  34.584366   0.88445026   4.43458223
  34.722702   0.86108714   4.49552965
  34.861591   0.84245664   4.55341959
  35.001034   0.82727391   4.60887575
  35.141033   0.81487924   4.66222048
  35.281597   0.80477422   4.71373034
  35.422722   0.79657573   4.76363468
  35.564407   0.78998369   4.81213045
  35.706665   0.78475583   4.85939074
  35.849491   0.78079510   4.90545797
  35.992882   0.77782863   4.95057583
  36.136852   0.77573055   4.99486113
  36.281395   0.77439696   5.03840399
  36.426525   0.77374321   5.08129025
  36.572220   0.77369714   5.12358665
  36.718513   0.77419728   5.16536570
  36.865383   0.77519166   5.20668030
  37.012844   0.77663463   5.24758530
  37.160892   0.77848887   5.28812408
  37.309528   0.78072923   5.32833385
  37.458767   0.78332877   5.36824703
  37.608604   0.78625023   5.40791702
  37.759029   0.78947192   5.44737244
  37.910065   0.79297668   5.48664713
  38.061703   0.79674733   5.52576447
  38.213947   0.80077088   5.56474733
  38.366798   0.80503529   5.60361958
  38.520264   0.80952996   5.64240217
  38.674343   0.81424606   5.68111372
  38.829041   0.81917548   5.71977329
  38.984352   0.82431144   5.75839520
  39.140285   0.82964838   5.79699659
  39.296844   0.83518100   5.83559370
  39.454033   0.84090519   5.87419891
  39.611843   0.84681779   5.91282320
  39.770287   0.85291570   5.95148230
  39.929363   0.85919654   5.99018574
  40.089081   0.86565924   6.02894783
  40.249432   0.87230217   6.06777525
  40.410431   0.87912452   6.10668182
  40.572071   0.88612634   6.14567471
  40.734360   0.89330745   6.18476486
  40.897285   0.90066773   6.22395658
  41.060875   0.90820938   6.26326513
  41.225113   0.91593230   6.30269527
  41.390018   0.92383915   6.34225750
  41.555569   0.93193066   6.38195419
  41.721790   0.94020981   6.42179966
  41.888676   0.94867873   6.46179724
  42.056225   0.95733935   6.50195313
  42.224449   0.96619546   6.54227686
  42.393341   0.97525007   6.58277273
  42.562912   0.98450661   6.62344933
  42.733166   0.99396968   6.66431379
  42.904091   1.00364769   6.70536900
  43.075703   1.01354873   6.74662495
  43.248005   1.02366936   6.78808737
  43.420994   1.03401506   6.82975960
  43.594673   1.04459083   6.87164831
  43.769051   1.05540156   6.91375875
  43.944122   1.06645238   6.95609474
  44.119900   1.07774985   6.99866438
  44.296371   1.08929873   7.04146862
  44.473557   1.10110545   7.08451557
  44.651443   1.11317587   7.12780714
  44.830051   1.12552345   7.17135191
  45.009369   1.13817489   7.21516132
  45.189400   1.15111279   7.25922918
  45.370155   1.16434479   7.30356216
  45.551636   1.17787707   7.34816265
  45.733837   1.19171607   7.39303255
  45.916771   1.20586944   7.43817663
  46.100433   1.22034287   7.48359728
  46.284836   1.23514795   7.52930117
  46.469967   1.25033665   7.57530499
  46.655846   1.26587164   7.62159824
  46.842464   1.28175759   7.66818094
  47.029839   1.29800165   7.71505833
  47.217945   1.31460679   7.76222849
  47.406815   1.33158004   7.80970097
  47.596436   1.34895253   7.85748291
  47.786823   1.36675274   7.90559387
  47.977970   1.38493752   7.95401573
  48.169876   1.40350938   8.00275326
  48.362549   1.42247081   8.05181408
  48.556004   1.44182384   8.10120678
  48.750217   1.46160960   8.15095043
  48.945217   1.48183537   8.20107079
  49.140991   1.50245285   8.25155354
  49.337555   1.52346098   8.30241680
  49.534901   1.54485571   8.35367298
  49.733036   1.56665087   8.40535164
  49.931961   1.58890426   8.45753860
  50.131695   1.61153531   8.51021194
  50.332214   1.63453686   8.56339455
  50.533539   1.65790725   8.61712742
  50.735664   1.68167174   8.67149067
  50.938614   1.70587683   8.72664356
  51.142365   1.73045123   8.78253937
  51.346924   1.75540197   8.83924103
  51.552307   1.78073871   8.89681721
  51.758518   1.80657363   8.95560551
  51.965546   1.83289075   9.01562691
  52.173409   1.85969257   9.07690048
  52.382099   1.88701558   9.13952541
  52.591625   1.91501951   9.20389938
  52.801983   1.94387877   9.27038097
  53.013191   1.97357202   9.33879948
  53.225239   2.00419521   9.40929031
  53.438145   2.03607845   9.48243237
  53.651878   2.06972265   9.55890369
  53.866489   2.10504317   9.63827991
  54.081947   2.14223599   9.72071362
  54.298275   2.18222499   9.80732155
  54.515465   2.22584772   9.89867783
  54.733521   2.27293110   9.99413109
  54.952446   2.32383180  10.09384823
  55.172260   2.38162088  10.20023251
  55.392941   2.44638038  10.31233788
  55.614506   2.51822948  10.42968845
  55.836960   2.59901690  10.55306244
  56.060307   2.69548106  10.68459606
  56.284546   2.80506015  10.82136631
  56.509682   2.92882299  10.96309757
  56.735714   3.07916188  11.11071014
  56.962654   3.25633383  11.25990105
  57.190502   3.45894885  11.40814877
  57.419258   3.69885588  11.55126762
  57.648926   3.98955655  11.67467022
  57.879524   4.31782675  11.77408600
  58.111038   4.68946266  11.84092331
  58.343475   5.11885357  11.82042027
  58.576847   5.56584215  11.72748089
  58.811153   6.02773523  11.55917931
  59.046394   6.44327402  11.22563362
  59.282570   6.78972340  10.81993294
  59.519699   7.06593084  10.34564972
  59.757778   7.16027594   9.81940269
  59.996796   7.15919209   9.31362629
  60.236782   7.07137299   8.82856369
  60.477722   6.86339045   8.43956280
  60.719635   6.62225580   8.11026096
  60.962505   6.35017157   7.83653164
  61.206356   6.06209087   7.66921711
  61.451172   5.77952814   7.54188442
  61.696976   5.50359249   7.46059179
  61.943768   5.25389910   7.43830109
  62.191525   5.01861668   7.43749380
  62.440289   4.80456972   7.46480083
  62.690056   4.61820269   7.51594925
  62.940800   4.44551325   7.57716513
  63.192562   4.29663038   7.65231276
  63.445332   4.16565943   7.73447037
  63.699104   4.04537773   7.82076693
  63.953896   3.94674635   7.91205692
  64.209709   3.85699487   8.00450039
  64.466545   3.77743006   8.09820938
  64.724411   3.71161819   8.19199181
  64.983299   3.65108871   8.28573322
  65.243225   3.60069275   8.37866879
  65.504189   3.55689001   8.47064877
  65.766212   3.51737022   8.56213093
  66.029274   3.48671007   8.65155983
  66.293373   3.45870852   8.74043941
  66.558548   3.43603802   8.82786655
  66.824783   3.41754770   8.91397190
  67.092079   3.40135455   8.99949074
  67.360443   3.39056921   9.08292389
  67.629883   3.38128495   9.16594410
  67.900398   3.37545538   9.24758434
  68.171982   3.37204933   9.32824898
  68.444672   3.37038541   9.40830898
  68.718445   3.37191677   9.48687458
  68.993324   3.37440944   9.56520271
  69.269279   3.37965608   9.64219952
  69.546356   3.38612080   9.71876621
  69.824539   3.39428473   9.79459858
  70.103828   3.40420675   9.86962605
  70.384239   3.41501379   9.94441414
  70.665764   3.42798543  10.01810646
  70.948425   3.44151258  10.09176445
  71.232231   3.45690632  10.16451263
  71.517143   3.47305870  10.23707485
  71.803200   3.49051785  10.30909348
  72.090408   3.50906086  10.38072109
  72.378769   3.52846122  10.45210934
  72.668282   3.54920340  10.52293396
  72.958946   3.57043672  10.59376526
  73.250786   3.59322667  10.66390705
  73.543777   3.61635733  10.73416042
  73.837944   3.64092112  10.80381680
  74.133301   3.66593885  10.87352562
  74.429817   3.69211864  10.94282341
  74.727539   3.71893215  11.01207066
  75.026443   3.74668574  11.08106709
  75.326538   3.77522063  11.14992714
  75.627838   3.80451250  11.21866798
  75.930351   3.83471394  11.28721142
  76.234070   3.86552048  11.35573864
  76.538994   3.89734149  11.42401886
  76.845146   3.92964578  11.49236679
  77.152527   3.96305370  11.56044006
  77.461128   3.99684429  11.62864113
  77.770966   4.03181219  11.69654560
  78.082047   4.06708813  11.76463127
  78.394371   4.10360003  11.83240795
  78.707939   4.14036274  11.90039921
  79.022774   4.17840576  11.96807861
  79.338852   4.21666193  12.03599167
  79.656204   4.25622988  12.10359764
  79.974831   4.29599619  12.17145538
  80.294716   4.33708525  12.23900986
  80.615883   4.37837410  12.30681801
  80.938354   4.42099142  12.37434483
  81.262093   4.46382523  12.44211292
  81.587143   4.50797319  12.50961971
  81.913475   4.55238008  12.57735252
  82.241127   4.59806442  12.64484882
  82.570091   4.64407301  12.71254921
  82.900360   4.69130325  12.78004074
  83.231956   4.73894548  12.84770203
  83.564880   4.78773499  12.91519737
  83.899139   4.83704805  12.98281384
  84.234726   4.88740730  13.05031013
  84.571648   4.93842793  13.11786556
  84.909943   4.99037266  13.18536663
  85.249573   5.04314661  13.25284767
  85.590561   5.09668398  13.32034302
  85.932922   5.15125704  13.38773060
  86.276657   5.20640469  13.45522213
  86.621750   5.26282263  13.52248669
  86.968231   5.31958866  13.58996391
  87.316101   5.37790632  13.65707874
  87.665359   5.43645716  13.72446060
  88.016022   5.49657393  13.79146290
  88.368073   5.55708408  13.85865593
  88.721542   5.61888933  13.92558956
  89.076431   5.68141842  13.99255371
  89.432709   5.74491787  14.05940342
  89.790443   5.80952311  14.12608624
  90.149597   5.87473297  14.19284725
  90.510201   5.94147491  14.25919628
  90.872223   6.00847960  14.32580566
  91.235703   6.07733250  14.39180088
  91.600647   6.14654875  14.45801449
  91.967049   6.21717358  14.52383423
  92.334900   6.28866005  14.58957481
  92.704231   6.36105347  14.65520287
  93.075043   6.43487883  14.72039604
  93.447334   6.50903845  14.78582478
  93.821114   6.58526707  14.85037994
  94.196396   6.66180277  14.91519451
  94.573174   6.73988771  14.97942734
  94.951469   6.81890392  15.04350471
  95.331268   6.89879656  15.10743618
  95.712578   6.98035431  15.17066574
  96.095428   7.06224155  15.23414993
  96.479805   7.14621067  15.29656410
  96.865723   7.23071671  15.35907745
  97.253166   7.31651115  15.42107487
  97.642174   7.40369749  15.48248577
  98.032738   7.49130154  15.54408455
  98.424866   7.58122921  15.60424995
  98.818558   7.67151594  15.66465473
  99.213829   7.76333761  15.72423458
  99.610672   7.85642815  15.78323078
 100.009102   7.95004368  15.84231281
 100.409126   8.04598808  15.89972687
 100.810760   8.14231777  15.95737171
 101.214012   8.24021626  16.01400948
 101.618835   8.33944225  16.06987572
 102.025330   8.43910408  16.12594223
 102.433411   8.54126835  16.17982864
 102.843140   8.64384556  16.23393440
 103.254509   8.74777889  16.28709221
 103.667503   8.85331631  16.33898926
 104.082176   8.95928192  16.39109802
 104.498512   9.06747246  16.44099617
 104.916489   9.17641544  16.49065208
 105.336151   9.28626633  16.53981781
 105.757477   9.39817905  16.58677101
 106.180511   9.51054573  16.63391685
 106.605209   9.62452221  16.67933083
 107.031639   9.73983574  16.72349548
 107.459755   9.85560513  16.76783562
 107.889595   9.97360134  16.80912209
 108.321136  10.09227371  16.85018539
 108.754417  10.21177006  16.89069366
 109.189423  10.33326340  16.92818832
 109.626183  10.45524788  16.96583176
 110.064674  10.57849216  17.00175476
 110.504913  10.70318985  17.03550339
 110.946930  10.82839012  17.06939125
 111.390717  10.95515919  17.10036278
 111.836273  11.08293819  17.13002014
 112.283607  11.21122646  17.15979576
 112.732742  11.34123707  17.18547058
 113.183670  11.47193146  17.21067619
 113.636383  11.60319901  17.23572731
 114.090919  11.73606682  17.25603676
 114.547272  11.86946583  17.27642822
 115.005478  12.00356293  17.29589272
 115.465469  12.13886547  17.31104469
 115.927330  12.27471828  17.32625771
 116.391029  12.41125870  17.33987617
 116.856583  12.54870415  17.34951591
 117.323997  12.68669891  17.35919571
 117.793289  12.82529163  17.36676025
 118.264450  12.96451283  17.37054634
 118.737511  13.10429478  17.37434578
 119.212448  13.24450779  17.37570190
 119.689293  13.38509560  17.37331200
 120.168037  13.52624226  17.37091446
 120.648705  13.66764069  17.36596107
 121.131294  13.80912304  17.35711098
 121.615807  13.95116901  17.34822464
 122.102257  14.09330463  17.33693123
 122.590668  14.23516273  17.32137108
 123.081017  14.37758350  17.30574989
 123.573334  14.52003193  17.28814507
 124.067619  14.66168976  17.26567841
 124.563889  14.80391598  17.24312401
 125.062134  14.94626904  17.21929932
 125.562370  15.08710861  17.18979454
 126.064606  15.22851086  17.16017342
 126.568863  15.37040806  17.13027382
 127.075127  15.50977993  17.09366989
 127.583420  15.64971066  17.05691910
 128.093750  15.79020214  17.02002144
 128.606110  15.92806339  16.97744751
 129.120514  16.06583214  16.93358612
 129.636993  16.20415688  16.88954735
 130.155533  16.34033585  16.84146118
 130.676163  16.47525978  16.79059410
 131.198837  16.61071205  16.73952484
 131.723633  16.74503517  16.68624115
 132.250519  16.87640381  16.62857056
 132.779510  17.00829506  16.57066917
 133.310623  17.14067268  16.51249123
 133.843842  17.26780510  16.44831085
 134.379211  17.39545059  16.38387299
 134.916733  17.52360916  16.31917381
 135.456390  17.64813805  16.25076485
 135.998199  17.77087975  16.18017769
 136.542175  17.89411354  16.10930824
 137.088348  18.01619720  16.03701401
 137.636688  18.13343811  15.96075439
 138.187225  18.25114822  15.88418961
 138.739960  18.36932755  15.80731869
 139.294922  18.48215866  15.72686005
 139.852081  18.59380341  15.64516258
 140.411484  18.70589828  15.56313610
 140.973114  18.81625748  15.47980881
 141.537018  18.92138100  15.39360523
 142.103149  19.02692032  15.30706024
 142.671539  19.13287926  15.22017097
 143.242218  19.23334503  15.13091660
 143.815186  19.33195877  15.04053593
 144.390427  19.43096352  14.94979668
 144.967987  19.52936363  14.85845089
 145.547852  19.62077332  14.76496601
 146.130035  19.71254921  14.67110825
 146.714539  19.80468941  14.57687569
 147.301392  19.89327240  14.48169518
 147.890579  19.97764015  14.38547325
 148.482162  20.06235123  14.28886032
 149.076050  20.14739227  14.19187164
 149.672348  20.22639084  14.09414864
 150.271027  20.30359077  13.99592304
 150.872101  20.38109970  13.89730549
 151.475586  20.45891953  13.79829121
 152.081467  20.52876663  13.69919395
 152.689774  20.59876633  13.59970379
 153.300552  20.66904831  13.49980927
 153.913712  20.73829079  13.39969254
 154.529358  20.80090714  13.30004501
 155.147461  20.86377335  13.19999981
 155.768051  20.92689133  13.09955311
 156.391113  20.98806953  12.99918079
 157.016663  21.04373169  12.89965630
 157.644714  21.09961510  12.79973412
 158.275299  21.15572548  12.69940853
 158.908386  21.20954132  12.59946251
 159.544006  21.25848007  12.50068760
 160.182159  21.30761337  12.40151882
 160.822891  21.35694504  12.30194950
 161.466171  21.40414810  12.20292282
 162.112015  21.44665718  12.10547066
 162.760452  21.48933601  12.00762749
 163.411499  21.53218842  11.90939045
 164.065125  21.57352448  11.81161022
 164.721375  21.60995102  11.71598530
 165.380249  21.64652443  11.61997700
 166.041763  21.68324471  11.52358437
 166.705902  21.71942711  11.42722416
 167.372726  21.75016022  11.33386803
 168.042191  21.78101540  11.24014282
 168.714371  21.81199646  11.14603710
 169.389191  21.84309769  11.05156136
 170.066757  21.86913681  10.96043015
 170.747009  21.89469147  10.86935902
 171.429977  21.92034912  10.77792358
 172.115707  21.94611168  10.68611813
 172.804138  21.96873093  10.59667397
 173.495346  21.98941994  10.50856495
 174.189331  22.01019287  10.42010117
 174.886063  22.03104973  10.33128834
 175.585587  22.05075455  10.24331760
 176.287918  22.06701851  10.15841484
 176.993073  22.08334732  10.07317066
 177.701019  22.09974289   9.98758888
 178.411819  22.11620331   9.90166187
 179.125443  22.12921715   9.81932449
 179.841949  22.14154434   9.73748302
 180.561295  22.15391922   9.65531731
 181.283524  22.16634369   9.57282257
 182.008636  22.17764282   9.49150848
 182.736679  22.18639374   9.41319942
 183.467621  22.19518089   9.33457756
 184.201462  22.20400238   9.25564384
 184.938263  22.21285820   9.17639256
 185.678009  22.21938705   9.10031223
 186.420700  22.22500229   9.02531624
 187.166382  22.23063850   8.95001793
 187.915024  22.23629761   8.87442112
 188.666687  22.24188423   8.79868126
 189.421310  22.24472046   8.72734642
 190.179001  22.24756813   8.65572262
 190.939697  22.25042725   8.58381367
 191.703476  22.25329781   8.51161289
 192.470230  22.25553513   8.44039059
 193.240112  22.25596619   8.37243557
 194.013062  22.25639915   8.30421066
 194.789093  22.25683403   8.23571301
 195.568237  22.25727081   8.16694069
 196.350494  22.25688362   8.09977436
 197.135880  22.25523949   8.03519821
 197.924438  22.25358772   7.97036076
 198.716095  22.25193024   7.90526867
 199.510956  22.25026512   7.83991289
 200.308975  22.24783707   7.77632046
 201.110214  22.24442101   7.71508360
 201.914642  22.24099159   7.65360355
 202.722275  22.23754883   7.59187794
 203.533157  22.23409081   7.52990437
 204.347290  22.23008728   7.46937656
 205.164642  22.22518158   7.41142559
 205.985306  22.22025681   7.35324049
 206.809219  22.21531296   7.29482460
 207.636444  22.21034813   7.23617411
 208.466980  22.20512581   7.17820835
 209.300827  22.19898605   7.12346458
 210.138016  22.19282341   7.06850100
 210.978561  22.18663597   7.01331711
 211.822449  22.18042374   6.95791340
 212.669724  22.17418480   6.90228796
 213.520401  22.16710091   6.85039234
 214.374481  22.15993309   6.79855633
 215.231934  22.15273857   6.74651575
 216.092850  22.14551353   6.69426489
 216.957214  22.13825989   6.64180517
 217.825043  22.13062096   6.59136486
 218.696304  22.12265968   6.54255724
 219.571091  22.11466599   6.49355268
 220.449356  22.10663986   6.44435310
 221.331146  22.09858322   6.39495611
 222.216461  22.09047318   6.34553099
 223.105286  22.08190536   6.29964018
 223.997696  22.07330322   6.25356388
 224.893707  22.06466675   6.20730209
 225.793228  22.05599785   6.16085863
 226.696396  22.04729080   6.11422729
 227.603165  22.03844070   6.06895399
 228.513550  22.02939796   6.02569008
 229.427597  22.02032089   5.98225260
 230.345306  22.01120567   5.93864059
 231.266663  22.00205421   5.89485502
 232.191727  21.99286652   5.85089397
 233.120468  21.98357010   5.80909348
 234.052917  21.97419739   5.76835871
 234.989105  21.96478653   5.72746086
 235.929077  21.95533943   5.68639708
 236.872772  21.94585419   5.64517117
 237.820236  21.93633080   5.60378075
 238.771515  21.92678833   5.56481171
 239.726593  21.91721344   5.52650356
 240.685471  21.90760040   5.48804331
 241.648209  21.89794922   5.44942760
 242.614761  21.88825989   5.41065931
 243.585220  21.87853050   5.37173462
 244.559540  21.86886597   5.33500195
 245.537766  21.85920143   5.29901886
 246.519897  21.84949875   5.26289177
 247.505981  21.83975792   5.22661924
 248.495941  21.82997704   5.19020414
 249.489929  21.82015610   5.15364122
 250.487869  21.81042862   5.11859322
 251.489822  21.80077362   5.08483124
 252.495743  21.79107857   5.05093527
 253.505707  21.78134537   5.01690292
 254.519714  21.77157402   4.98273420
 255.537811  21.76176262   4.94842768
 256.559906  21.75197792   4.91456175
 257.586121  21.74241447   4.88291931
 258.616455  21.73281479   4.85115004
 259.650909  21.72317505   4.81925344
 260.689484  21.71349907   4.78723001
 261.732239  21.70378113   4.75507736
 262.779144  21.69402695   4.72279692
 263.830261  21.68450737   4.69230747
 264.885559  21.67507362   4.66256475
 265.945068  21.66560173   4.63270283
 267.008820  21.65609169   4.60272169
 268.076843  21.64654350   4.57262039
 269.149139  21.63695717   4.54239798
 270.225708  21.62733841   4.51207876
 271.306580  21.61813354   4.48426342
 272.391815  21.60889053   4.45633602
 273.481354  21.59961128   4.42829752
 274.575256  21.59029579   4.40014696
 275.673553  21.58094215   4.37188292
 276.776245  21.57155228   4.34350634
 277.883301  21.56219864   4.31538153
 278.994812  21.55323792   4.28929234
 280.110748  21.54424286   4.26309967
 281.231232  21.53520966   4.23679972
 282.356079  21.52614212   4.21039772
 283.485535  21.51703835   4.18388748
 284.619446  21.50789642   4.15727282
 285.757904  21.49876785   4.13076162
 286.900909  21.49009705   4.10631990
 288.048462  21.48139381   4.08178139
 289.200653  21.47265434   4.05714321
 290.357483  21.46387863   4.03240585
 291.518860  21.45507050   4.00757170
 292.684906  21.44622612   3.98263741
 293.855621  21.43734550   3.95760322
 295.031036  21.42890358   3.93433976
 296.211121  21.42052841   3.91137648
 297.395966  21.41211891   3.88832068
 298.585541  21.40367699   3.86517262
 299.779877  21.39520073   3.84193206
 300.978943  21.38669014   3.81859946
 302.182861  21.37814713   3.79517245
 303.391541  21.36977577   3.77240062
 304.605133  21.36175919   3.75093699
 305.823517  21.35371208   3.72938824
 307.046753  21.34563255   3.70775390
 308.274902  21.33752060   3.68603253
 309.508026  21.32937431   3.66422343
 310.746033  21.32119751   3.64232779
 311.988983  21.31298828   3.62034464
 313.236938  21.30513573   3.59957767
 314.489899  21.29747391   3.57946205
 315.747772  21.28978157   3.55926776
 317.010773  21.28205681   3.53899097
 318.278778  21.27430153   3.51863384
 319.551941  21.26651573   3.49819398
 320.830048  21.25869942   3.47767472
 322.113373  21.25085068   3.45707178
 323.401794  21.24339867   3.43771601
 324.695374  21.23611069   3.41888976
 325.994141  21.22879410   3.39998794
 327.298065  21.22144890   3.38101101
 328.607239  21.21407318   3.36195755
 329.921692  21.20666695   3.34282756
 331.241333  21.19923401   3.32362199
 332.566254  21.19176865   3.30433941
 333.896515  21.18457031   3.28584814
 335.232086  21.17767525   3.26825333
 336.572968  21.17075157   3.25058866
 337.919250  21.16379929   3.23285270
 339.270905  21.15682030   3.21504593
 340.627991  21.14981270   3.19716763
 341.990448  21.14277649   3.17921877
 343.358368  21.13571358   3.16119766
 344.731781  21.12862206   3.14310431
 346.110718  21.12211609   3.12665153
 347.495117  21.11559677   3.11016774
 348.885071  21.10905075   3.09361768
 350.280579  21.10247803   3.07700157
 351.681702  21.09588051   3.06031871
 353.088379  21.08925629   3.04356956
 354.500732  21.08260536   3.02675295
 355.918701  21.07592773   3.00986958
 357.342377  21.06934166   2.99323320
 358.771698  21.06323433   2.97787738
 360.206757  21.05710220   2.96246004
 361.647552  21.05094528   2.94698095
 363.094177  21.04476547   2.93143916
 364.546478  21.03855896   2.91583657
 366.004639  21.03232765   2.90017080
 367.468628  21.02607346   2.88444257
 368.938477  21.01979256   2.86865139
 370.414246  21.01353645   2.85292244
 371.895844  21.00782204   2.83858657
 373.383392  21.00208473   2.82419300
 374.876953  20.99632263   2.80974126
 376.376373  20.99053955   2.79523301
 377.881866  20.98473358   2.78066587
 379.393341  20.97890282   2.76604080
 380.910950  20.97304916   2.75135636
 382.434509  20.96717453   2.73661447
 383.964233  20.96127319   2.72181296
 385.500061  20.95572853   2.70789337
 387.042084  20.95038795   2.69448185
 388.590210  20.94502831   2.68101740
 390.144531  20.93964577   2.66749907
 391.705048  20.93424034   2.65392661
 393.271912  20.92881584   2.64029932
 394.844971  20.92336845   2.62661791
 396.424286  20.91789818   2.61288214
 398.009949  20.91240692   2.59909105
 399.601990  20.90689468   2.58524466
 401.200348  20.90183449   2.57249165
 402.805145  20.89687157   2.55997372
 404.416351  20.89188957   2.54740572
 406.033997  20.88688850   2.53478742
 407.658051  20.88186646   2.52211928
 409.288696  20.87682533   2.50939965
 410.925812  20.87176323   2.49662948
 412.569550  20.86668015   2.48380780
 414.219696  20.86157799   2.47093606
 415.876587  20.85645485   2.45801163
 417.540039  20.85164452   2.44582176
 419.210205  20.84706116   2.43416572
 420.887024  20.84245872   2.42246294
 422.570496  20.83783913   2.41071391
 424.260742  20.83320045   2.39891768
 425.957825  20.82854271   2.38707352
 427.661560  20.82386780   2.37518311
 429.372162  20.81917191   2.36324477
 431.089630  20.81445885   2.35125852
 432.813995  20.80972672   2.33922386
 434.545227  20.80497551   2.32714152
 436.283386  20.80071831   2.31620407
 438.028473  20.79649353   2.30533671
 439.780548  20.79225159   2.29442573
 441.539673  20.78799248   2.28347087
 443.305786  20.78371620   2.27247238
 445.078949  20.77942276   2.26143003
 446.859253  20.77511215   2.25034332
 448.646667  20.77078438   2.23921227
 450.441193  20.76643944   2.22803688
 452.242920  20.76207733   2.21681666
 454.051910  20.75769806   2.20555115
 455.868073  20.75372505   2.19521260
 457.691498  20.74985504   2.18511033
 459.522247  20.74597168   2.17496777
 461.360321  20.74207115   2.16478443
 463.205688  20.73815727   2.15456057
 465.058472  20.73422623   2.14429569
 466.918671  20.73027992   2.13398981
 468.786377  20.72631645   2.12364244
 470.661438  20.72233772   2.11325407
 472.544067  20.71834373   2.10282397
 474.434204  20.71433449   2.09235215
 476.331909  20.71037292   2.08198714
 478.237274  20.70685387   2.07262731
 480.150085  20.70332336   2.06323075
 482.070648  20.69977760   2.05379629
 483.998993  20.69621658   2.04432368
 485.934875  20.69264221   2.03481388
 487.878632  20.68905449   2.02526546
 489.830109  20.68545151   2.01567912
 491.789368  20.68183327   2.00605440
 493.756500  20.67820168   1.99639118
 495.731506  20.67455482   1.98668933
 497.714386  20.67089462   1.97694862
 499.705261  20.66721916   1.96716881
 501.703979  20.66398239   1.95838404
 503.710785  20.66078377   1.94967568
 505.725525  20.65757179   1.94093299
 507.748474  20.65434647   1.93215466
 509.779419  20.65110779   1.92334163
 511.818451  20.64785767   1.91449344
 513.865723  20.64459419   1.90560961
 515.921204  20.64131737   1.89669013
 517.984802  20.63802719   1.88773537
 520.056763  20.63472366   1.87874436
 522.136963  20.63140678   1.86971760
 524.225464  20.62807655   1.86065483
 526.322266  20.62475967   1.85161436
 528.427551  20.62188530   1.84357846
 530.541260  20.61900139   1.83551037
 532.663452  20.61610413   1.82740998
 534.793945  20.61319542   1.81927776
 536.933105  20.61027527   1.81111264
 539.080811  20.60734177   1.80291474
 541.237061  20.60439873   1.79468429
 543.402039  20.60144424   1.78642058
 545.575562  20.59847641   1.77812421
 547.757813  20.59549713   1.76979446
 549.948914  20.59250641   1.76143110
 552.148560  20.58950233   1.75303495
 554.357117  20.58648682   1.74460483
 556.574524  20.58369446   1.73667836
 558.800781  20.58111572   1.72923946
 561.036011  20.57852554   1.72177052
 563.280029  20.57592583   1.71427226
 565.533142  20.57331657   1.70674360
 567.795227  20.57069588   1.69918489
 570.066345  20.56806374   1.69159603
 572.346680  20.56542206   1.68397641
 574.635925  20.56277084   1.67632699
 576.934509  20.56010818   1.66864634
 579.242188  20.55743408   1.66093540
 581.559082  20.55475044   1.65319359
 583.885254  20.55205536   1.64542079
 586.220764  20.54935074   1.63761675
 588.565674  20.54671669   1.62997496
 590.919800  20.54442596   1.62312627
 593.283508  20.54212761   1.61624980
 595.656616  20.53981781   1.60934591
 598.039124  20.53750038   1.60241473
 600.431274  20.53517342   1.59545553
 602.833008  20.53283691   1.58846831
 605.244263  20.53049088   1.58145344
 607.665222  20.52813530   1.57441044
 610.095825  20.52577019   1.56733930
 612.536133  20.52339554   1.56023991
 614.986267  20.52101326   1.55311203
 617.446228  20.51861954   1.54595542
 619.915894  20.51621628   1.53877068
 622.395508  20.51380348   1.53155696
 624.885132  20.51138306   1.52431810
 627.384521  20.50936508   1.51802707
 629.894043  20.50733757   1.51171052
 632.413574  20.50530243   1.50536883
 634.943176  20.50325775   1.49900186
 637.482910  20.50120544   1.49260926
 640.032837  20.49914551   1.48619103
 642.592896  20.49707794   1.47974730
 645.163208  20.49500084   1.47327781
 647.743896  20.49291611   1.46678209
 650.334778  20.49082375   1.46026087
 652.935974  20.48872185   1.45371354
 655.547791  20.48661232   1.44713962
 658.169922  20.48449326   1.44053960
 660.802551  20.48236656   1.43391323
 663.445679  20.48023033   1.42726040
 666.099487  20.47808647   1.42058074
 668.763855  20.47625923   1.41466630
 671.438843  20.47448730   1.40888298
 674.124512  20.47270775   1.40307653
 676.821045  20.47092247   1.39724660
 679.528259  20.46912956   1.39139354
 682.246338  20.46732903   1.38551700
 684.975281  20.46552086   1.37961709
 687.715210  20.46370697   1.37369323
 690.465881  20.46188545   1.36774635
 693.227722  20.46005440   1.36177516
 696.000549  20.45821953   1.35578024
 698.784607  20.45637512   1.34976113
 701.579590  20.45452309   1.34371829
 704.385864  20.45266533   1.33765113
 707.203369  20.45079803   1.33155966
 710.032227  20.44892502   1.32544363
 712.872192  20.44704437   1.31930363
 715.723633  20.44535637   1.31364536
 718.586487  20.44382477   1.30837345
 721.460754  20.44228554   1.30308056
 724.346558  20.44074249   1.29776645
 727.243896  20.43919182   1.29243100
 730.152832  20.43763351   1.28707421
 733.073486  20.43607140   1.28169584
 736.005676  20.43450165   1.27629626
 738.949646  20.43292618   1.27087498
 741.905396  20.43134499   1.26543200
 744.872986  20.42975616   1.25996733
 747.852478  20.42816162   1.25448060
 750.843750  20.42656136   1.24897218
 753.847046  20.42495537   1.24344170
 756.862427  20.42334175   1.23788893
 759.889832  20.42172050   1.23231399
 762.929321  20.42009354   1.22671676
 765.981018  20.41846085   1.22109711
 769.044861  20.41682243   1.21545506
 772.120911  20.41551018   1.21066856
 775.209351  20.41419601   1.20587206
 778.310120  20.41287804   1.20105636
 781.423462  20.41155434   1.19622111
 784.548950  20.41022491   1.19136715
 787.687195  20.40889168   1.18649328
 790.837830  20.40755081   1.18160009
 794.001160  20.40620613   1.17668724
 797.177124  20.40485573   1.17175484
 800.365662  20.40349960   1.16680288
 803.567139  20.40213966   1.16183078
 806.781494  20.40077209   1.15683877
 810.008484  20.39940071   1.15182698
 813.248474  20.39802170   1.14679515
 816.501343  20.39663887   1.14174330
 819.767395  20.39525032   1.13667083
 823.046265  20.39385605   1.13157856
 826.338501  20.39245605   1.12646556
 829.643799  20.39105034   1.12133229
 832.962341  20.38963890   1.11617839
 836.294067  20.38851738   1.11181247
 839.639221  20.38740921   1.10748208
 842.997681  20.38629532   1.10313439
 846.369629  20.38517761   1.09876931
 849.755066  20.38405609   1.09438670
 853.153931  20.38293076   1.08998680
 856.566528  20.38179970   1.08556902
 859.992798  20.38066483   1.08113360
 863.432678  20.37952423   1.07668054
 866.886353  20.37838173   1.07220972
 870.353882  20.37723160   1.06772077
 873.835327  20.37607765   1.06321394
 877.330444  20.37491989   1.05868936
 880.839722  20.37375832   1.05414653
 884.362976  20.37259102   1.04958546
 887.900574  20.37141800   1.04500592
 891.451965  20.37024117   1.04040861
 895.017700  20.36906052   1.03579259
 898.597778  20.36787415   1.03115809
 902.192078  20.36668396   1.02650511
 905.800720  20.36548805   1.02183354
 909.423889  20.36432838   1.01726186
 913.061462  20.36341095   1.01339161
 916.713745  20.36248970   1.00950575
 920.380493  20.36156464   1.00560439
 924.061951  20.36063576   1.00168741
 927.758179  20.35970306   0.99775475
 931.469116  20.35876656   0.99380642
 935.194885  20.35782623   0.98984230
 938.935669  20.35688210   0.98586226
 942.691284  20.35593605   0.98186636
 946.462097  20.35498428   0.97785431
 950.247803  20.35402870   0.97382647
 954.048706  20.35306931   0.96978241
 957.864868  20.35210800   0.96572208
 961.696289  20.35114098   0.96164560
 965.542969  20.35017014   0.95755285
 969.405029  20.34919548   0.95344371
 973.282654  20.34821701   0.94931805
 977.175720  20.34723663   0.94517595
 981.084412  20.34625053   0.94101721
 985.008606  20.34526062   0.93684196
 988.948547  20.34426498   0.93264997
 992.904419  20.34326744   0.92844105
 996.875793  20.34226608   0.92421561
1000.863281  20.34132957   0.92019033
1004.866699  20.34058189   0.91674894
1008.886230  20.33983040   0.91329372
1012.921509  20.33907700   0.90982491
1016.973206  20.33831978   0.90634203
1021.040955  20.33755875   0.90284532
1025.125122  20.33679581   0.89933455
1029.225586  20.33602905   0.89580971
1033.342285  20.33526039   0.89227098
1037.475586  20.33448792   0.88871795
1041.625610  20.33371162   0.88515049
1045.791870  20.33293343   0.88156915
1049.974976  20.33215141   0.87797326
1054.174805  20.33136749   0.87436306
1058.391479  20.33057785   0.87073833
1062.624878  20.32978821   0.86709929
1066.875488  20.32899284   0.86344540
1071.142822  20.32819557   0.85977715
1075.427368  20.32739449   0.85609406
1079.729004  20.32659149   0.85239637
1084.047852  20.32578468   0.84868383
1088.383911  20.32497406   0.84495646
1092.737549  20.32415962   0.84121406
1097.108276  20.32334328   0.83745688
1101.496582  20.32252312   0.83368468
1105.902588  20.32169914   0.82989722
1110.326172  20.32087326   0.82609463
1114.767334  20.32024956   0.82297397
1119.226318  20.31965256   0.81994230
1123.703125  20.31905365   0.81689852
1128.197876  20.31845093   0.81384254
1132.710449  20.31784821   0.81077445
1137.241333  20.31724167   0.80769390
1141.790283  20.31663132   0.80460107
1146.357544  20.31602097   0.80149585
1150.942627  20.31540680   0.79837841
1155.546387  20.31479073   0.79524833
1160.168457  20.31417274   0.79210579
1164.808960  20.31355095   0.78895074
1169.468262  20.31292725   0.78578287
1174.145874  20.31230164   0.78260261
1178.842407  20.31167221   0.77940941
1183.557861  20.31104088   0.77620339
1188.291870  20.31040764   0.77298474
1193.044922  20.30977249   0.76975316
1197.817017  20.30913353   0.76650864
1202.608276  20.30849075   0.76325107
1207.418701  20.30784798   0.75998044
1212.248291  20.30720139   0.75669682
1217.097168  20.30655289   0.75340009
1221.965576  20.30590057   0.75009006
1226.853149  20.30524635   0.74676698
1231.760620  20.30459023   0.74343044
1236.687500  20.30393028   0.74008065
1241.634277  20.30326843   0.73671734
1246.600708  20.30260277   0.73334068
1251.586914  20.30201340   0.73023790
1256.593140  20.30155373   0.72761732
1261.619507  20.30109024   0.72498620
1266.665894  20.30062675   0.72234458
1271.732544  20.30016136   0.71969229
1276.819336  20.29969406   0.71702957
1281.926636  20.29922485   0.71435606
1287.054077  20.29875374   0.71167201
1292.202271  20.29828072   0.70897704
1297.370972  20.29780579   0.70627141
1302.560425  20.29732895   0.70355493
1307.770386  20.29685020   0.70082766
1313.001587  20.29636955   0.69808930
1318.253418  20.29588699   0.69534016
1323.526245  20.29540253   0.69257998
1328.820435  20.29491615   0.68980867
1334.135498  20.29442787   0.68702638
1339.471924  20.29393768   0.68423295
1344.829956  20.29344559   0.68142819
1350.208984  20.29295158   0.67861241
1355.609741  20.29245377   0.67578530
1361.032104  20.29195595   0.67294687
1366.476196  20.29145622   0.67009705
1371.941895  20.29095459   0.66723591
1377.429565  20.29044914   0.66436332
1382.939209  20.28994370   0.66147918
1388.470947  20.28943443   0.65858352
1394.024658  20.28892517   0.65567631
1399.600586  20.28841209   0.65275747
1405.198975  20.28789711   0.64982694
1410.819702  20.28738213   0.64688462
1416.463013  20.28686333   0.64393055
1422.128540  20.28634262   0.64096481
1427.817017  20.28582001   0.63798708
1433.528320  20.28546333   0.63570178
1439.262207  20.28512001   0.63347059
1445.019287  20.28477669   0.63123041
1450.799194  20.28443146   0.62898135
1456.602417  20.28408432   0.62672317
1462.428589  20.28373528   0.62445611
1468.278320  20.28338623   0.62217987
1474.151245  20.28303528   0.61989462
1480.047852  20.28268242   0.61760014
1485.967773  20.28232956   0.61529660
1491.911621  20.28197479   0.61298376
1497.879150  20.28161812   0.61066169
1503.870605  20.28125954   0.60833025
1509.885864  20.28090096   0.60598963
1515.925293  20.28053856   0.60363960
1521.988892  20.28017807   0.60128009
1528.076904  20.27981377   0.59891117
1534.188965  20.27944756   0.59653282
1540.325562  20.27908134   0.59414500
1546.486816  20.27871323   0.59174752
1552.672729  20.27834320   0.58934045
1558.883301  20.27797318   0.58692384
1565.118652  20.27759933   0.58449751
1571.379028  20.27722549   0.58206153
1577.664551  20.27684975   0.57961571
1583.974976  20.27647400   0.57716018
1590.310913  20.27609444   0.57469475
1596.671875  20.27571487   0.57221961
1603.058594  20.27533340   0.56973439
1609.470703  20.27495003   0.56723934
1615.908447  20.27456474   0.56473428
1622.371948  20.27417946   0.56221926
1628.861450  20.27379036   0.55969405
1635.376709  20.27340126   0.55715883
1641.917969  20.27301025   0.55461353
1648.485718  20.27261925   0.55205786
1655.079590  20.27222443   0.54949212
1661.699585  20.27182961   0.54691613
1668.346313  20.27147865   0.54455781
1675.019653  20.27123833   0.54271716
1681.719727  20.27099609   0.54086912
1688.446289  20.27075386   0.53901380
1695.200073  20.27050972   0.53715098
1701.980713  20.27026367   0.53528070
1708.788574  20.27001762   0.53340298
1715.623779  20.26977158   0.53151768
1722.485840  20.26952362   0.52962494
1729.375732  20.26927376   0.52772456
1736.293335  20.26902390   0.52581656
1743.238037  20.26877403   0.52390105
1750.211060  20.26852226   0.52197772
1757.211670  20.26826859   0.52004683
1764.240479  20.26801491   0.51810813
1771.297241  20.26775932   0.51616168
1778.382446  20.26750374   0.51420742
1785.495850  20.26724625   0.51224542
1792.637817  20.26698875   0.51027548
1799.808105  20.26672935   0.50829780
1807.007202  20.26646996   0.50631213
1814.234863  20.26620865   0.50431854
1821.492065  20.26594543   0.50231683
1828.777832  20.26568222   0.50030726
1836.092651  20.26541901   0.49828970
1843.437012  20.26515388   0.49626395
1850.810669  20.26488686   0.49423015
1858.213867  20.26461983   0.49218819
1865.646606  20.26435089   0.49013808
1873.108887  20.26408195   0.48807982
1880.601318  20.26381111   0.48601323
1888.123657  20.26353836   0.48393840
1895.675903  20.26326561   0.48185533
1903.258423  20.26299286   0.47976390
1910.871704  20.26271629   0.47766399
1918.514648  20.26244164   0.47555590
1926.188721  20.26216316   0.47343922
1933.893188  20.26188469   0.47131416
1941.628906  20.26160622   0.46918049
1949.395020  20.26132584   0.46703842
1957.192627  20.26104355   0.46488768
1965.020996  20.26076126   0.46272844
1972.881348  20.26047707   0.46056038
1980.772583  20.26019096   0.45838380
1988.695313  20.25990486   0.45619854
1996.650024  20.25961685   0.45400444
2004.636475  20.25941277   0.45227057
2012.655029  20.25925446   0.45080549
2020.705444  20.25909615   0.44933459
2028.788086  20.25893593   0.44785783
2036.903320  20.25877571   0.44637507
2045.050781  20.25861549   0.44488645
2053.230469  20.25845528   0.44339195
2061.443359  20.25829315   0.44189137
2069.689209  20.25813103   0.44038475
2077.967773  20.25796700   0.43887219
2086.279541  20.25780296   0.43735352
2094.624268  20.25763893   0.43582886
2103.002686  20.25747299   0.43429804
2111.414795  20.25730705   0.43276107
2119.860107  20.25714111   0.43121803
2128.339355  20.25697517   0.42966878
2136.852783  20.25680733   0.42811328
2145.399658  20.25663757   0.42655170
2153.981201  20.25646973   0.42498374
2162.596924  20.25629997   0.42340958
2171.247559  20.25612831   0.42182902
2179.931885  20.25595856   0.42024228
2188.651855  20.25578690   0.41864908
2197.406250  20.25561333   0.41704956
2206.195801  20.25543976   0.41544360
2215.020508  20.25526619   0.41383123
2223.880127  20.25509262   0.41221249
2232.775635  20.25491714   0.41058719
2241.706787  20.25473976   0.40895540
2250.673096  20.25456429   0.40731716
2259.675781  20.25438690   0.40567228
2268.714355  20.25420761   0.40402082
2277.789063  20.25403023   0.40236279
2286.899902  20.25385094   0.40069816
2296.047363  20.25366974   0.39902681
2305.231445  20.25348854   0.39734879
2314.452393  20.25330734   0.39566401
2323.709961  20.25312424   0.39397258
2333.004639  20.25294113   0.39227432
2342.336426  20.25275803   0.39056933
2351.705811  20.25257301   0.38885745
2361.112305  20.25238800   0.38713878
2370.556641  20.25220108   0.38541320
2380.038574  20.25201416   0.38368076
2389.558838  20.25182724   0.38194132
2399.116699  20.25163841   0.38019499
2408.713135  20.25144958   0.37844163
2418.347900  20.25126076   0.37668124
2428.021484  20.25107002   0.37491378
2437.732666  20.25087738   0.37313944
2447.483643  20.25068665   0.37135786
2457.273438  20.25049210   0.36956915
2467.102783  20.25029945   0.36777323
2476.970459  20.25010490   0.36597031
2486.878418  20.24991035   0.36416003
2496.825684  20.24971390   0.36234257
2506.812744  20.24959373   0.36105636
2516.840088  20.24950218   0.35996270
2526.906982  20.24940872   0.35886475
2537.014404  20.24931526   0.35776237
2547.162598  20.24922180   0.35665557
2557.350830  20.24912834   0.35554436
2567.580078  20.24903488   0.35442871
2577.850342  20.24893951   0.35330856
2588.161377  20.24884605   0.35218400
2598.513916  20.24875069   0.35105488
2608.907715  20.24865532   0.34992129
2619.343262  20.24855804   0.34878311
2629.820557  20.24846268   0.34764040
2640.339355  20.24836540   0.34649315
2650.900879  20.24826813   0.34534127
2661.503906  20.24817085   0.34418482
2672.150146  20.24807358   0.34302369
2682.838623  20.24797440   0.34185794
2693.569580  20.24787521   0.34068754
2704.343750  20.24777603   0.33951247
2715.160889  20.24767685   0.33833268
2726.021240  20.24757767   0.33714819
2736.925293  20.24747658   0.33595893
2747.872803  20.24737549   0.33476493
2758.864258  20.24727440   0.33356613
2769.899170  20.24717331   0.33236259
2780.978760  20.24707222   0.33115420
2792.102539  20.24696922   0.32994097
2803.270996  20.24686623   0.32872286
2814.483398  20.24676323   0.32749999
2825.741211  20.24666023   0.32627213
2837.043701  20.24655533   0.32503942
2848.392090  20.24645233   0.32380170
2859.785645  20.24634743   0.32255906
2871.224365  20.24624252   0.32131147
2882.708984  20.24613571   0.32005888
2894.239990  20.24603081   0.31880125
2905.816406  20.24592400   0.31753868
2917.439697  20.24581718   0.31627095
2929.108887  20.24570847   0.31499824
2940.825439  20.24560165   0.31372038
2952.588379  20.24549294   0.31243744
2964.398438  20.24538422   0.31114936
2976.255615  20.24527550   0.30985615
2988.161133  20.24516678   0.30855766
3000.113281  20.24505615   0.30725411
3012.113525  20.24494553   0.30594528
3024.161377  20.24483490   0.30463126
3036.258545  20.24472427   0.30331188
3048.403320  20.24461174   0.30198729
3060.596191  20.24449921   0.30065748
3072.838379  20.24438667   0.29932228
3085.129883  20.24427414   0.29798168
3097.469971  20.24416161   0.29663581
3109.859863  20.24404716   0.29528448
3122.299072  20.24393272   0.29392779
3134.788086  20.24381828   0.29256567
3147.326904  20.24370193   0.29119810
3159.916260  20.24358559   0.28982505
3172.555420  20.24346924   0.28844655
3185.246094  20.24335289   0.28706241
3197.985840  20.24323654   0.28567293
3210.778076  20.24311829   0.28427774
3223.620605  20.24300003   0.28287706
3236.515137  20.24288177   0.28147072
3249.460938  20.24276352   0.28005877
3262.458496  20.24264336   0.27864119
3275.507813  20.24252319   0.27721795
3288.610107  20.24240303   0.27578893
3301.763916  20.24228096   0.27435431
3314.970703  20.24216080   0.27291390
3328.230225  20.24203873   0.27146772
3341.543213  20.24196815   0.27050164
3354.909180  20.24192429   0.26977557
3368.328857  20.24188042   0.26904655
3381.801758  20.24183655   0.26831466
3395.328613  20.24179077   0.26757982
3408.909912  20.24174690   0.26684204
3422.545166  20.24170113   0.26610133
3436.234863  20.24165726   0.26535764
3449.979980  20.24161148   0.26461098
3463.779541  20.24156570   0.26386133
3477.634277  20.24152184   0.26310870
3491.544678  20.24147606   0.26235303
3505.510742  20.24143028   0.26159433
3519.532715  20.24138260   0.26083261
3533.610107  20.24133682   0.26006788
3547.744629  20.24129105   0.25930005
3561.935547  20.24124336   0.25852913
3576.182373  20.24119759   0.25775519
3590.487061  20.24114990   0.25697812
3604.848633  20.24110222   0.25619796
3619.268066  20.24105644   0.25541463
3633.744873  20.24100876   0.25462818
3648.279785  20.24096107   0.25383860
3662.872314  20.24091148   0.25304589
3677.523682  20.24086380   0.25224999
3692.234131  20.24081612   0.25145084
3707.001953  20.24076653   0.25064862
3721.829834  20.24071884   0.24984311
3736.717529  20.24066925   0.24903435
3751.663330  20.24061966   0.24822244
3766.669922  20.24057198   0.24740723
3781.736572  20.24052238   0.24658875
3796.863037  20.24047279   0.24576703
3812.050293  20.24042130   0.24494199
3827.298340  20.24037170   0.24411367
3842.607422  20.24032211   0.24328202
3857.977783  20.24027061   0.24244705
3873.409180  20.24022102   0.24160875
3888.902344  20.24016953   0.24076712
3904.457275  20.24011803   0.23992212
3920.075684  20.24006653   0.23907366
3935.755615  20.24001503   0.23822187
3951.497559  20.23996353   0.23736672
3967.303711  20.23991203   0.23650807
3983.173096  20.23986053   0.23564598
3999.105469  20.23980713   0.23478048
4015.101563  20.23975563   0.23391151
4031.161865  20.23970222   0.23303907
4047.286377  20.23964882   0.23216312
4063.474365  20.23959541   0.23128372
4079.728516  20.23954201   0.23040074
4096.046875  20.23948860   0.22951427
4112.431641  20.23943520   0.22862419
4128.880371  20.23938179   0.22773063
4145.395508  20.23932648   0.22683348
4161.977051  20.23927307   0.22593270
4178.624512  20.23921776   0.22502835
4195.338867  20.23916245   0.22412038
4212.119141  20.23910713   0.22320880
4228.967773  20.23905182   0.22229353
4245.884277  20.23899651   0.22137456
4262.866699  20.23894119   0.22045201
4279.917480  20.23888397   0.21952575
4297.037109  20.23882866   0.21859576
4314.225098  20.23877144   0.21766204
4331.481934  20.23871613   0.21672459
4348.807129  20.23865891   0.21578342
4366.202637  20.23860168   0.21483843
4383.666992  20.23854446   0.21388970
4401.201172  20.23848534   0.21293718
4418.806152  20.23842812   0.21198082
4436.480469  20.23837090   0.21102068
4454.226563  20.23831177   0.21005665
4472.042969  20.23825264   0.20908880
4489.930664  20.23819542   0.20811708
4507.889648  20.23813629   0.20714147
4525.921387  20.23807716   0.20616193
4544.024902  20.23801613   0.20517848
4562.200195  20.23795700   0.20419113
4580.449219  20.23789787   0.20319977
4598.770996  20.23783684   0.20220448
4617.165527  20.23777580   0.20120521
4635.633789  20.23771667   0.20020196
4654.175781  20.23765564   0.19919468
4672.792480  20.23759460   0.19818336
4691.482910  20.23753166   0.19716802
4710.249023  20.23747063   0.19614859
4729.089355  20.23740959   0.19512510
4748.005371  20.23734665   0.19409752
4766.997559  20.23728371   0.19306579
4786.064941  20.23722076   0.19202998
4805.208496  20.23715782   0.19099005
4824.429688  20.23709488   0.18994588
4843.726563  20.23703194   0.18889759
4863.101563  20.23696899   0.18784508
4882.552734  20.23690414   0.18678842
4902.083008  20.23683929   0.18572746
4921.691406  20.23677635   0.18466227
4941.377441  20.23671150   0.18359284
4961.142578  20.23664665   0.18251914
4980.986816  20.23658180   0.18144113
5000.911133  20.23652077   0.18042806
5020.914063  20.23650742   0.18006678
5040.996582  20.23649406   0.17970406
5061.161133  20.23648071   0.17933986
5081.405273  20.23646736   0.17897421
5101.729980  20.23645401   0.17860712
5122.137207  20.23644066   0.17823854
5142.625977  20.23642731   0.17786849
5163.195313  20.23641396   0.17749697
5183.847656  20.23640060   0.17712396
5204.583008  20.23638725   0.17674945
5225.400879  20.23637390   0.17637345
5246.302734  20.23635864   0.17599593
5267.287109  20.23634529   0.17561692
5288.355957  20.23633194   0.17523639
5309.509766  20.23631859   0.17485432
5330.746094  20.23630333   0.17447077
5352.069336  20.23628998   0.17408563
5373.477051  20.23627472   0.17369898
5394.971191  20.23626137   0.17331076
5416.550293  20.23624802   0.17292102
5438.215820  20.23623276   0.17252970
5459.968750  20.23621941   0.17213681
5481.808594  20.23620415   0.17174235
5503.734863  20.23619080   0.17134634
5525.749023  20.23617554   0.17094873
5547.852051  20.23616028   0.17054951
5570.042969  20.23614693   0.17014872
5592.322266  20.23613167   0.16974632
5614.691406  20.23611641   0.16934229
5637.149902  20.23610306   0.16893667
5659.698730  20.23608780   0.16852941
5682.336914  20.23607254   0.16812052
5705.065430  20.23605728   0.16771001
5727.885742  20.23604202   0.16729784
5750.796875  20.23602676   0.16688403
5773.799805  20.23601341   0.16646858
5796.894043  20.23599815   0.16605146
5820.081055  20.23598289   0.16563267
5843.361328  20.23596764   0.16521218
