303 .True. # Number of lines, conductive flag
# 5 line header for n-k original data
# Chromium Cr -  Palik (1985) - (polycrystalline chromium)
# Taken from:
# wl(um)      n                k
0.0001240 0.9999862 9.71E-07
0.0001298 0.9999847 1.15E-06
0.0001360 0.9999833 1.37E-06
0.0001424 0.9999818 1.62E-06
0.0001492 0.9999802 1.92E-06
0.0001562 0.9999783 2.27E-06
0.0001636 0.9999764 2.69E-06
0.0001713 0.9999744 3.17E-06
0.0001794 0.9999723 3.74E-06
0.0001879 0.9999703 4.40E-06
0.0001968 0.9999686 5.17E-06
0.0002014 0.9999682 5.60E-06
0.0002061 0.9999723 6.06E-06
0.0002109 0.9999663 8.00E-07
0.0002159 0.9999633 8.71E-07
0.0002209 0.9999608 9.49E-07
0.0002261 0.9999585 1.03E-06
0.0002368 0.9999537 1.23E-06
0.0002480 0.9999486 1.46E-06
0.0002597 0.9999432 1.73E-06
0.0002720 0.9999374 2.05E-06
0.0002848 0.9999309 2.44E-06
0.0002983 0.9999238 2.90E-06
0.0003124 0.9999161 3.45E-06
0.0003272 0.9999076 4.10E-06
0.0003426 0.999898 4.87E-06
0.0003588 0.999888 5.80E-06
0.0003758 0.999877 6.89E-06
0.0003936 0.999865 8.20E-06
0.0004122 0.999851 9.75E-06
0.0004317 0.999836 1.16E-05
0.0004521 0.999820 1.38E-05
0.0004735 0.999802 1.64E-05
0.0004959 0.999782 1.95E-05
0.0005193 0.999760 2.32E-05
0.0005439 0.999737 2.75E-05
0.0005696 0.999711 3.27E-05
0.0005965 0.999682 3.88E-05
0.0006248 0.999651 4.60E-05
0.0006543 0.999616 5.45E-05
0.0006852 0.999579 6.46E-05
0.0007176 0.999538 7.65E-05
0.0007516 0.999493 9.05E-05
0.0007871 0.999445 1.07E-04
0.0008244 0.999392 1.26E-04
0.0008633 0.999335 1.49E-04
0.0009041 0.999273 1.75E-04
0.0009469 0.999206 2.06E-04
0.0009917 0.999133 2.43E-04
0.001039 0.999055 2.85E-04
0.001088 0.99897 3.34E-04
0.001139 0.99888 3.93E-04
0.001193 0.99879 4.61E-04
0.001249 0.99869 5.42E-04
0.001309 0.99859 6.39E-04
0.001370 0.99849 7.48E-04
0.001435 0.99839 8.83E-04
0.001503 0.99831 1.04E-03
0.001574 0.99825 1.20E-03
0.001649 0.99820 1.38E-03
0.001687 0.99819 1.48E-03
0.001727 0.99820 1.59E-03
0.001767 0.99827 1.71E-03
0.001808 0.99828 1.62E-03
0.001851 0.99822 1.73E-03
0.001894 0.99822 1.84E-03
0.001938 0.99824 1.97E-03
0.002030 0.99846 2.33E-03
0.002077 0.99879 2.55E-03
0.002126 0.999636 2.78E-03
0.002175 1.000161 3.41E-04
0.002226 0.999117 3.68E-04
0.002278 0.99862 3.97E-04
0.002331 0.99828 4.27E-04
0.002386 0.99800 4.58E-04
0.002442 0.99775 4.91E-04
0.002557 0.99728 5.63E-04
0.002678 0.99683 6.45E-04
0.002804 0.99638 7.37E-04
0.002937 0.99590 8.42E-04
0.003077 0.99538 9.71E-04
0.003222 0.99484 1.12E-03
0.003374 0.99426 1.31E-03
0.003533 0.99365 1.53E-03
0.003701 0.99301 1.76E-03
0.003876 0.99232 2.02E-03
0.004058 0.99157 2.31E-03
0.004250 0.99078 2.64E-03
0.004452  0.9899 3.00E-03
0.004663  0.9890 3.39E-03
0.004883  0.9880 3.83E-03
0.005115  0.9870 4.32E-03
0.005356  0.9858 4.87E-03
0.005608  0.9846 5.49E-03
0.005873  0.9833 6.15E-03
0.006153  0.9818 6.86E-03
0.006444  0.9802 7.66E-03
0.006749  0.9785 8.63E-03
0.007069  0.9767 9.77E-03
0.007402  0.9749 1.11E-02
0.007749  0.9730 1.23E-02
0.008119  0.9710 1.36E-02
0.008504  0.9687 1.51E-02
0.008901  0.9662 1.67E-02
0.009322  0.9637 1.86E-02
0.009763  0.9611 2.05E-02
0.01023  0.9583 2.25E-02
0.01071  0.9553 2.45E-02
0.01122  0.9518 2.64E-02
0.01175  0.9476 2.88E-02
0.01230  0.9431 3.15E-02
0.01289  0.9380 3.48E-02
0.01349  0.9326 3.88E-02
0.01414  0.9270 4.34E-02
0.01480  0.9209 4.84E-02
0.01550  0.9139 5.43E-02
0.01585  0.9104 5.79E-02
0.01623  0.9068 6.17E-02
0.01662  0.9030 6.58E-02
0.01701  0.8990 7.08E-02
0.01739  0.8954 7.62E-02
0.01781  0.8918 8.21E-02
0.01823  0.8886 8.91E-02
0.01907  0.8850   0.104
0.02000  0.8841   0.120
0.02094  0.8882   0.136
0.02191  0.8970   0.150
0.02296  0.9077   0.157
0.02403  0.9207   0.159
0.04203    0.78    0.21
0.04305    0.77    0.22
0.04397    0.75    0.23
0.04492    0.73    0.25
0.04592    0.72    0.26
0.04696    0.71    0.28
0.04806    0.70    0.31
0.04901    0.68    0.33
0.04999    0.68    0.36
0.05102    0.67    0.39
0.05188    0.68    0.43
0.05299    0.68    0.45
0.05391    0.69    0.48
0.05510    0.70    0.50
0.05610    0.71    0.52
0.05687    0.72    0.54
0.05794    0.73    0.56
0.05904    0.74    0.58
0.05990    0.74    0.60
0.06108    0.75    0.62
0.06199    0.77    0.64
0.06294    0.78    0.65
0.06391    0.80    0.67
0.06491    0.82    0.68
0.06595    0.83    0.68
0.06702    0.84    0.69
0.06812    0.85    0.70
0.06888    0.87    0.70
0.07005    0.88    0.71
0.07208    0.89    0.72
0.07293    0.90    0.73
0.07380    0.90    0.74
0.07514    0.91    0.75
0.07606    0.92    0.76
0.07701    0.92    0.77
0.07897    0.95    0.79
0.07999    0.96    0.80
0.08104    0.97    0.80
0.08321    1.00    0.82
0.08377    1.01    0.82
0.08492    1.03    0.82
0.08670    1.06    0.82
0.08920    1.09    0.82
0.08984    1.10    0.82
0.09184    1.12    0.80
0.09322    1.13    0.80
0.09465    1.15    0.77
0.09686    1.15    0.75
0.09919    1.15    0.73
0.1008    1.14    0.71
0.1033    1.13    0.70
0.1060    1.10    0.69
0.1078    1.09    0.69
0.1097    1.07    0.69
0.1117    1.05    0.69
0.1148    1.03    0.70
0.1181    1.01    0.72
0.1204    1.00    0.72
0.1240    0.98    0.73
0.1270    0.95   0.730
0.1300    0.92   0.740
0.1340    0.86   0.770
0.1370    0.83   0.810
0.1390    0.81   0.830
0.1420    0.78   0.870
0.1440    0.76   0.890
0.1460    0.74   0.920
0.1490    0.72   0.970
0.1510    0.71    1.00
0.1531    0.69    1.04
0.1550    0.68    1.07
0.1569    0.68    1.11
0.1590    0.67    1.15
0.1610    0.67    1.19
0.1629    0.66    1.23
0.1649    0.67    1.27
0.1680    0.69    1.33
0.1701    0.70    1.36
0.1720    0.71    1.39
0.1739    0.72    1.42
0.1769    0.74    1.45
0.1799    0.76    1.49
0.1821    0.75    1.51
0.1851    0.78    1.57
0.1879    0.80    1.59
0.1910    0.82    1.63
0.1940    0.85    1.66
0.1971    0.88    1.68
0.2000    0.89    1.69
0.2029    0.92    1.72
0.2070    0.94    1.73
0.2101    0.96    1.73
0.2141    0.97    1.74
0.2171    0.97    1.75
0.2210    0.95    1.74
0.2250    0.94    1.76
0.2300    0.93    1.80
0.2339    0.90    1.83
0.2380    0.87    1.87
0.2431    0.86    1.94
0.2480    0.85    2.01
0.2530    0.86    2.07
0.2583    0.86    2.13
0.2638    0.86    2.21
0.2695    0.88    2.28
0.2755    0.89    2.35
0.2818    0.90    2.42
0.2870    0.91    2.49
0.2938    0.94    2.58
0.3002    0.98    2.67
0.3077    1.02    2.76
0.3163    1.06    2.85
0.3237    1.12    2.95
0.3333    1.18    3.04
0.3416    1.26    3.12
0.3512    1.33    3.18
0.3625    1.39    3.24
0.3723    1.43    3.31
0.3850    1.44    3.40
0.3961    1.48    3.54
0.4092    1.54    3.71
0.4246    1.65    3.89
0.4381    1.80    4.06
0.4558    1.99    4.22
0.4714    2.22    4.36
0.4901    2.49    4.44
0.5123    2.75    4.46
0.5321    2.98    4.45
0.5585    3.18    4.41
0.5821    3.34    4.38
0.6108    3.48    4.36
0.7005    3.84    4.37
0.8157    4.23    4.34
0.8266    4.27    4.33
0.8492    4.31    4.32
0.8610    4.33    4.32
0.8856    4.38    4.31
0.9116    4.42    4.30
0.9393    4.47    4.29
0.9686    4.49    4.28
0.9999    4.50    4.28
1.033    4.52    4.29
1.069    4.53    4.30
1.107    4.53    4.31
1.148    4.53    4.34
1.192    4.51    4.36
1.240    4.47    4.43
1.292    4.47    4.50
1.348    4.45    4.56
1.378    4.43    4.60
1.442    4.35    4.66
1.512    4.24    4.81
1.590    4.13    5.03
1.675    4.06    5.30
1.771    4.01    5.59
1.879    3.96    5.95
2.000    4.01    6.31
2.138    4.01    6.65
2.296    3.92    7.06
2.480    3.83    7.58
2.695    3.72    8.20
2.952    3.47    8.97
3.263    3.09    10.2
3.647    2.89    12.0
4.133    3.15    14.3
4.769    3.91    17.1
5.636    5.30    20.6
6.888    8.73    25.4
8.856    15.3    26.4
12.40    11.8    29.8
13.78    11.8    33.9
15.50    13.6    42.2
20.66    21.2    42.0
31.00    14.9    65.2
