300 .True. # Number of lines, conductive flag
# 5 line header for n-k original data
# Iron Fe - Palik(1985)  - (Metallic)
# Taken from:
# wl(um)      n                k
0.0001240 0.9999849 1.32E-06
0.0001298 0.9999834 1.57E-06
0.0001360 0.9999819 1.86E-06
0.0001424 0.9999803 2.19E-06
0.0001492 0.9999787 2.59E-06
0.0001562 0.9999771 3.04E-06
0.0001636 0.9999755 3.58E-06
0.0001674 0.9999750 3.88E-06
0.0001713 0.9999750 4.20E-06
 0.0001753 0.9999753 5.70E-07
 0.0001794 0.9999721 6.21E-07
 0.0001836 0.9999701 6.77E-07
 0.0001879 0.9999682 7.38E-07
 0.0001968 0.9999645 8.77E-07
 0.0002061 0.9999607 1.04E-06
 0.0002159 0.9999565 1.24E-06
 0.0002261 0.9999520 1.47E-06
 0.0002368 0.9999471 1.75E-06
 0.0002480 0.9999416 2.08E-06
 0.0002597 0.9999357 2.48E-06
 0.0002720 0.9999293 2.94E-06
 0.0002848 0.9999222 3.50E-06
 0.0002983 0.9999144 4.16E-06
 0.0003124 0.9999058 4.95E-06
 0.0003272 0.999896 5.88E-06
 0.0003426 0.999886 6.99E-06
 0.0003588 0.999875 8.30E-06
 0.0003758 0.999862 9.86E-06
 0.0003936 0.999848 1.17E-05
 0.0004122 0.999834 1.39E-05
 0.0004317 0.999817 1.65E-05
 0.0004521 0.999799 1.96E-05
 0.0004735 0.999779 2.32E-05
 0.0004959 0.999757 2.76E-05
 0.0005193 0.999733 3.27E-05
 0.0005439 0.999707 3.87E-05
 0.0005696 0.999679 4.58E-05
 0.0005965 0.999647 5.42E-05
 0.0006248 0.999614 6.41E-05
 0.0006543 0.999576 7.57E-05
 0.0006852 0.999536 8.94E-05
 0.0007176 0.999492 1.06E-04
 0.0007516 0.999445 1.24E-04
 0.0007871 0.999393 1.46E-04
 0.0008244 0.999337 1.72E-04
 0.0008633 0.999278 2.03E-04
 0.0009041 0.999214 2.38E-04
 0.0009469 0.999146 2.79E-04
 0.0009917 0.999075 3.28E-04
 0.001039 0.99900 3.84E-04
 0.001088 0.99892 4.49E-04
 0.001139 0.99884 5.26E-04
 0.001193 0.99876 6.15E-04
 0.001249 0.99869 7.19E-04
 0.001309 0.99862 8.38E-04
 0.001370 0.99857 9.80E-04
 0.001402 0.99856 1.06E-03
 0.001435 0.99858 1.15E-03
 0.001469 0.99863 1.10E-03
 0.001503 0.99857 1.19E-03
 0.001538 0.99856 1.28E-03
 0.001574 0.99858 1.38E-03
 0.001611 0.99864 1.50E-03
 0.001649 0.99875 1.62E-03
 0.001687 0.99897 1.75E-03
 0.001727 0.99958 1.89E-03
 0.001767 0.99976 2.40E-04
 0.001808 0.99910 2.57E-04
 0.001851 0.99876 2.76E-04
 0.001894 0.99851 2.98E-04
 0.001938 0.99831 3.22E-04
 0.002030 0.99794 3.71E-04
 0.002126 0.99759 4.29E-04
 0.002226 0.99724 4.99E-04
 0.002331 0.99687 5.80E-04
 0.002442 0.99649 6.75E-04
 0.002557 0.99608 7.85E-04
 0.002678 0.99564 9.13E-04
 0.002805 0.99517 1.06E-03
 0.002937 0.99465 1.23E-03
 0.003076 0.99411 1.43E-03
 0.003222 0.99351 1.65E-03
 0.003374 0.99286 1.93E-03
 0.003534 0.99218 2.25E-03
 0.003701 0.99147 2.63E-03
 0.003876 0.99072 3.01E-03
 0.004059  0.9899 3.44E-03
 0.004251  0.9890 3.94E-03
 0.004452  0.9881 4.51E-03
 0.004663  0.9872 5.07E-03
 0.004883  0.9862 5.68E-03
 0.005114  0.9850 6.35E-03
 0.005356  0.9838 7.11E-03
 0.005609  0.9823 8.00E-03
 0.005874  0.9809 9.09E-03
 0.006152  0.9794 1.03E-02
 0.006443  0.9779 1.18E-02
 0.006748  0.9765 1.31E-02
 0.007067  0.9749 1.45E-02
 0.007401  0.9732 1.61E-02
 0.007751  0.9713 1.78E-02
 0.008117  0.9694 1.97E-02
 0.008501  0.9674 2.18E-02
 0.008903  0.9653 2.40E-02
 0.009324  0.9631 2.64E-02
 0.009766  0.9609 2.91E-02
0.01023  0.9587 3.17E-02
0.01071  0.9561 3.45E-02
0.01122  0.9534 3.75E-02
0.01175  0.9505 4.08E-02
0.01230  0.9474 4.43E-02
0.01259  0.9457 4.61E-02
0.01289  0.9440 4.81E-02
0.01319  0.9422 5.01E-02
0.01349  0.9403 5.22E-02
0.01381  0.9383 5.44E-02
0.01413  0.9363 5.67E-02
0.01446  0.9341 5.92E-02
0.01515  0.9295 6.44E-02
0.01586  0.9243 7.02E-02
0.01661  0.9172 7.70E-02
0.01740  0.9102 8.77E-02
0.01822  0.9034   0.100
0.01908  0.8969   0.121
0.01999  0.9013   0.149
0.02093  0.9252   0.179
0.02192  0.9751   0.191
0.02243   1.012   0.185
0.02296   1.109   0.175
0.02349   1.004 5.36E-02
0.02404  0.9695 5.44E-02
0.04769   0.890   0.376
0.04806   0.887   0.383
0.04843   0.886   0.395
0.04881   0.884   0.402
0.04920   0.881   0.408
0.04959   0.877   0.411
0.04999   0.874   0.418
0.05040   0.876   0.434
0.05081   0.872   0.436
0.05123   0.870   0.443
0.05166   0.867   0.450
0.05209   0.865   0.468
0.05254   0.859   0.477
0.05298   0.861   0.482
0.05344   0.862   0.493
0.05391   0.863   0.504
0.05438   0.861   0.511
0.05486   0.863   0.515
0.05535   0.862   0.522
0.05585   0.865   0.537
0.05636   0.872   0.556
0.05687   0.874   0.561
0.05740   0.875   0.571
0.05794   0.875   0.571
0.05848   0.878   0.575
0.05904   0.882   0.590
0.05961   0.892   0.605
0.06019   0.898   0.613
0.06078   0.903   0.620
0.06138   0.905   0.624
0.06199   0.910   0.632
0.06262   0.919   0.636
0.06326   0.924   0.644
0.06391   0.927   0.647
0.06458   0.933   0.648
0.06525   0.936   0.652
0.06595   0.938   0.656
0.06666   0.938   0.656
0.06738   0.941   0.659
0.06812   0.941   0.659
0.06888   0.939   0.665
0.06965   0.944   0.672
0.07045   0.946   0.682
0.07126   0.945   0.688
0.07208   0.947   0.697
0.07293   0.948   0.707
0.07380   0.952   0.719
0.07469   0.955   0.723
0.07560   0.951   0.731
0.07653   0.944   0.742
0.07749   0.940   0.750
0.07847   0.941   0.765
0.07948   0.943   0.774
0.08051   0.945   0.783
0.08157   0.949   0.791
0.08266   0.952   0.798
0.08377   0.959   0.824
0.08492   0.974   0.847
0.08610   0.988   0.870
0.08731   0.993   0.881
0.08856    1.00   0.889
0.08984    1.00   0.898
0.09116    1.01   0.911
0.09253    1.02   0.925
0.09393    1.03   0.935
0.09537    1.05   0.951
0.09686    1.06   0.964
0.09840    1.08   0.972
0.09999    1.09   0.968
0.1016    1.10   0.971
0.1033    1.10   0.969
0.1051    1.11   0.967
0.1069    1.12   0.968
 0.1088    1.11   0.958
 0.1107    1.11   0.953
 0.1127    1.11   0.950
 0.1148    1.10   0.959
 0.1170    1.07   0.991
 0.1192    1.07    1.02
 0.1216    1.06    1.06
 0.1240    1.05    1.09
 0.1265    1.08    1.13
 0.1292    1.09    1.15
 0.1319    1.10    1.17
 0.1348    1.12    1.19
 0.1378    1.12    1.20
 0.1409    1.13    1.22
 0.1442    1.13    1.24
 0.1476    1.13    1.26
 0.1512    1.13    1.28
 0.1550    1.13    1.32
 0.1590    1.15    1.32
 0.1631    1.15    1.37
 0.1675    1.15    1.40
 0.1722    1.13    1.45
 0.1771    1.15    1.49
 0.1823    1.20    1.54
 0.1879    1.22    1.61
 0.1937    1.23    1.67
 0.2000    1.28    1.71
 0.2066    1.30    1.73
 0.2138    1.32    1.75
 0.2214    1.32    1.78
 0.2296    1.31    1.82
 0.2384    1.32    1.88
 0.2480    1.31    1.95
  1.000    3.23    4.35
  1.111    3.32    4.65
  1.250    3.42    5.04
  1.429    3.53    5.54
  1.667    3.67    6.21
  2.000    3.84    7.16
  2.105    3.92    7.50
  2.222    3.98    7.80
  2.353    4.04    8.18
  2.500    4.13    8.59
  2.667    4.22    9.02
  2.857    4.30    9.55
  3.077    4.39    10.1
  3.333    4.45    10.8
  3.636    4.51    11.6
  4.000    4.54    12.6
  4.444    4.59    13.8
  5.000    4.59    15.4
  5.263    4.60    16.2
  5.555    4.63    17.1
  5.882    4.66    18.1
  6.250    4.96    19.2
  6.667    4.75    20.5
  7.143    4.89    22.0
  7.692    5.10    23.7
  8.333    5.37    25.6
  9.091    5.59    27.8
  10.00    5.81    30.4
  10.53    5.95    32.0
  11.11    6.12    33.7
  11.76    6.31    35.7
   12.50    6.48    37.7
   13.33    6.88    40.3
   14.29    7.30    43.2
   15.38    7.71    46.5
   16.67    8.38    50.3
   18.18    9.04    54.7
   20.00    9.87    60.1
   20.83    10.3    62.6
   21.74    10.7    65.4
   22.73    11.3    68.6
   23.81    12.0    71.9
   25.00    13.0    75.7
   26.32    14.2    79.8
   27.78    15.7    84.5
   29.41    17.7    89.3
   31.25    19.9     94.
   33.33    22.5    100.
   35.71    25.2    106.
   38.46    29.1    114.
   41.67    33.6    122.
   45.45    38.6    130.
   50.00    45.7    141.
   52.525    43.2    115.
   55.55    54.2    152.
   57.14    51.2    126.
   66.67    61.3    140.
   80.00    75.2    158.
   100.0    95.4    182.
   125.0    120.    207.
   153.8    147.    230.
   200.0    183.    260.
   285.7    238.    306.
