2003 .False. # Number of lines, conductive flag
# 5 line header for n-k original data
# Enstatite Mg2SiO4  Suto et al. (2006) - (crystalline)
# Taken from: http://www.astro.uni-jena.de/Laboratory/OCDB/amsilicates.html
# wl(um)      n                k
      0.10000000       1.6115654      0.80391124
      0.10046158       1.6173764      0.80135441
      0.10092529       1.6231873      0.79879757
      0.10139114       1.6289983      0.79624074
      0.10185914       1.6348093      0.79368390
      0.10232930       1.6406203      0.79112707
      0.10280163       1.6464313      0.78857024
      0.10327614       1.6518341      0.78563464
      0.10375284       1.6565872      0.78209622
      0.10423174       1.6613403      0.77855779
      0.10471285       1.6660934      0.77501937
      0.10519619       1.6708465      0.77148095
      0.10568175       1.6755996      0.76794252
      0.10616956       1.6803527      0.76440410
      0.10665961       1.6851058      0.76086567
      0.10715193       1.6898589      0.75732725
      0.10764652       1.6946120      0.75378883
      0.10814340       1.6993651      0.75025040
      0.10864256       1.7041182      0.74671198
      0.10914403       1.7088713      0.74317356
      0.10964782       1.7136244      0.73963513
      0.11015393       1.7183776      0.73609671
      0.11066238       1.7231307      0.73255829
      0.11117317       1.7278838      0.72901986
      0.11168632       1.7326369      0.72548144
      0.11220185       1.7373900      0.72194302
      0.11271975       1.7402173      0.71813086
      0.11324004       1.7406994      0.71398532
      0.11376273       1.7411814      0.70983978
      0.11428783       1.7416635      0.70569425
      0.11481536       1.7421455      0.70154871
      0.11534533       1.7426275      0.69740317
      0.11587774       1.7431096      0.69325763
      0.11641260       1.7435916      0.68911210
      0.11694994       1.7440737      0.68496656
      0.11748976       1.7445557      0.68082102
      0.11803206       1.7450377      0.67667549
      0.11857687       1.7455198      0.67252995
      0.11912420       1.7460018      0.66838441
      0.11967405       1.7464839      0.66423887
      0.12022644       1.7469659      0.66009334
      0.12078138       1.7474479      0.65594780
      0.12133889       1.7479300      0.65180226
      0.12189896       1.7484120      0.64765672
      0.12246162       1.7488940      0.64351119
      0.12302688       1.7493761      0.63936565
      0.12359474       1.7498581      0.63522011
      0.12416523       1.7500000      0.64739060
      0.12473835       1.7500000      0.66636605
      0.12531412       1.7574917      0.67824638
      0.12589254       1.7712380      0.68420312
      0.12647363       1.7832895      0.68750658
      0.12705741       1.7923616      0.68614576
      0.12764388       1.8007096      0.68500000
      0.12823306       1.8051996      0.68500000
      0.12882496       1.8096896      0.68500000
      0.12941958       1.8182734      0.68458633
      0.13001696       1.8271613      0.68414194
      0.13061709       1.8359865      0.68310202
      0.13121999       1.8447823      0.68178265
      0.13182567       1.8535406      0.68064594
      0.13243415       1.8622443      0.67977557
      0.13304544       1.8704166      0.67887502
      0.13365955       1.8742414      0.67772758
      0.13427650       1.8780662      0.67658014
      0.13489629       1.8842064      0.67515872
      0.13551894       1.8927144      0.67345713
      0.13614447       1.9012091      0.67163727
      0.13677288       1.9096250      0.66911251
      0.13740420       1.9180408      0.66658775
      0.13803843       1.9295791      0.66376489
      0.13867558       1.9420647      0.66085157
      0.13931568       1.9530000      0.65735001
      0.13995873       1.9612316      0.65282260
      0.14060475       1.9694633      0.64829519
      0.14125375       1.9814133      0.64267380
      0.14190575       1.9936226      0.63697612
      0.14256076       2.0038440      0.63130923
      0.14321879       2.0118914      0.62567601
      0.14387986       2.0199389      0.62004280
      0.14454398       2.0318424      0.61249984
      0.14521116       2.0437754      0.60494227
      0.14588143       2.0537615      0.59498156
      0.14655478       2.0616248      0.58240038
      0.14723125       2.0694880      0.56981920
      0.14791084       2.0772651      0.56173487
      0.14859356       2.0850363      0.55396373
      0.14927944       2.0927741      0.54400657
      0.14996848       2.1004532      0.53018432
      0.15066071       2.1081322      0.51636207
      0.15135612       2.1157415      0.50381358
      0.15205475       2.1233284      0.49167450
      0.15275661       2.1304016      0.47955432
      0.15346170       2.1337300      0.46757185
      0.15417005       2.1370585      0.45558939
      0.15488166       2.1400000      0.44345327
      0.15559656       2.1400000      0.43014911
      0.15631476       2.1400000      0.41684494
      0.15703628       2.1400000      0.40375856
      0.15776113       2.1400000      0.39098514
      0.15848932       2.1400000      0.37821172
      0.15922087       2.1448307      0.36627094
      0.15995580       2.1520377      0.35473975
      0.16069413       2.1592447      0.34320856
      0.16143586       2.1536308      0.33403851
      0.16218101       2.1465159      0.32514490
      0.16292960       2.1400000      0.31578801
      0.16368165       2.1400000      0.30139130
      0.16443717       2.1400000      0.28699459
      0.16519618       2.1400000      0.27501732
      0.16595869       2.1400000      0.27085891
      0.16672472       2.1400000      0.26670050
      0.16749429       2.1388012      0.25728686
      0.16826741       2.1353819      0.23813885
      0.16904409       2.1319627      0.21899085
      0.16982437       2.1271260      0.20541337
      0.17060824       2.1203795      0.19934155
      0.17139573       2.1136330      0.19326972
      0.17218686       2.1084645      0.18800389
      0.17298164       2.1051373      0.18367855
      0.17378008       2.1018102      0.17935322
      0.17458222       2.0985040      0.17056712
      0.17538805       2.0952229      0.15645826
      0.17619760       2.0919417      0.14234940
      0.17701090       2.0873588      0.13241527
      0.17782794       2.0808886      0.12853318
      0.17864876       2.0744185      0.12465108
      0.17947336       2.0682039      0.11857838
      0.18030177       2.0625396      0.10778801
      0.18113401       2.0568754     0.096997647
      0.18197009       2.0512112     0.086207280
      0.18281002       2.0450672     0.082000878
      0.18365383       2.0387928     0.079585222
      0.18450154       2.0325184     0.077169566
      0.18535316       2.0262991     0.072591582
      0.18620871       2.0201167     0.066563813
      0.18706821       2.0139344     0.060536045
      0.18793168       2.0066784     0.055194186
      0.18879913       1.9975430     0.051052836
      0.18967059       1.9884077     0.046911485
      0.19054607       1.9795222     0.043066557
      0.19142559       1.9735241     0.042646689
      0.19230917       1.9675260     0.042226821
      0.19319683       1.9615279     0.041806952
      0.19408859       1.9577992     0.041700000
      0.19498446       1.9548462     0.041700000
      0.19588447       1.9518932     0.041700000
      0.19678863       1.9489567     0.041418314
      0.19769696       1.9460498     0.040633437
      0.19860949       1.9431428     0.039848560
      0.19952623       1.9402359     0.039063683
      0.20044720       1.9373712     0.035530017
      0.20137242       1.9345103     0.031753629
      0.20230192       1.9316494     0.027977240
      0.20323570       1.9276161     0.025895358
      0.20417379       1.9219864     0.026120546
      0.20511622       1.9163567     0.026345734
      0.20606299       1.9107270     0.026570921
      0.20701413       1.9051775     0.022293493
      0.20796967       1.8996399     0.017348425
      0.20892961       1.8941023     0.012403358
      0.20989399       1.8892943    0.0088853755
      0.21086281       1.8865716    0.0094462603
      0.21183611       1.8838488     0.010007145
      0.21281390       1.8811261     0.010568030
      0.21379621       1.8784303    0.0091051513
      0.21478305       1.8757536    0.0062149962
      0.21577444       1.8730770    0.0033248411
      0.21677041       1.8704003   0.00043468601
      0.21777098       1.8677627   0.00035319020
      0.21877616       1.8651321   0.00076554243
      0.21978599       1.8625015    0.0011778947
      0.22080047       1.8597746    0.0015917470
      0.22181964       1.8551850    0.0020346497
      0.22284351       1.8505953    0.0024775524
      0.22387211       1.8460056    0.0029204552
      0.22490546       1.8414160    0.0033633579
      0.22594358       1.8382486    0.0028871157
      0.22698649       1.8357159    0.0020007852
      0.22803421       1.8331831    0.0011144546
      0.22908677       1.8306503   0.00022812412
      0.23014418       1.8281518   4.5160740e-07
      0.23120648       1.8256650   3.1384306e-07
      0.23227368       1.8231783   1.7607873e-07
      0.23334581       1.8206916   3.8314396e-08
      0.23442288       1.8182381       1e-09
      0.23550493       1.8157975       1e-08
      0.23659197       1.8133568       1e-08
      0.23768403       1.8109161       1e-08
      0.23878113       1.8085042       1e-08
      0.23988329       1.8061096       1e-08
      0.24099054       1.8037150       1e-08
      0.24210290       1.8013204       1e-08
      0.24322040       1.8000000       1e-08
      0.24434306       1.8000000       1e-08
      0.24547089       1.8000000       1e-08
      0.24660393       1.8000000       1e-08
      0.24774221       1.7995610       1e-08
      0.24888573       1.7972584       1e-08
      0.25003454       1.7949559       1e-08
      0.25118864       1.7926534       1e-08
      0.25234808       1.7903509       1e-08
      0.25351286       1.7880874       1e-08
      0.25468303       1.7858310       1e-08
      0.25585859       1.7835745       1e-08
      0.25703958       1.7813181       1e-08
      0.25822602       1.7790808       1e-08
      0.25941794       1.7768704       1e-08
      0.26061535       1.7746600       1e-08
      0.26181830       1.7724496       1e-08
      0.26302680       1.7702392       1e-08
      0.26424088       1.7680698   3.0689579e-05
      0.26546056       1.7659055   6.5102717e-05
      0.26668587       1.7637411   9.9515856e-05
      0.26791683       1.7615768   0.00013392899
      0.26915348       1.7600000   0.00016814335
      0.27039584       1.7600000   0.00020182424
      0.27164393       1.7600000   0.00023550513
      0.27289778       1.7600000   0.00026918601
      0.27415742       1.7600000   0.00030286690
      0.27542287       1.7586940   0.00033876563
      0.27669416       1.7563224   0.00037647388
      0.27797133       1.7539508   0.00041418213
      0.27925438       1.7515792   0.00045189038
      0.28054336       1.7500000   0.00048561079
      0.28183829       1.7500000   0.00051138328
      0.28313920       1.7500000   0.00053715576
      0.28444611       1.7500000   0.00056292824
      0.28575905       1.7500000   0.00058870073
      0.28707806       1.7500000   0.00061447321
      0.28840315       1.7496747   0.00064117153
      0.28973436       1.7477004   0.00067256413
      0.29107171       1.7457260   0.00070395673
      0.29241524       1.7437516   0.00073534933
      0.29376497       1.7417772   0.00076674193
      0.29512092       1.7400000   0.00079806141
      0.29648314       1.7400000   0.00082872175
      0.29785164       1.7400000   0.00085938209
      0.29922646       1.7400000   0.00089004243
      0.30060763       1.7400000   0.00092070277
      0.30199517       1.7400000   0.00095136312
      0.30338912       1.7382796   0.00098083806
      0.30478950       1.7363973    0.0010102015
      0.30619634       1.7345151    0.0010395649
      0.30760968       1.7326328    0.0010689283
      0.30902954       1.7307505    0.0010982917
      0.31045596       1.7297346    0.0011269857
      0.31188896       1.7292932    0.0011552358
      0.31332857       1.7288518    0.0011834860
      0.31477483       1.7284104    0.0012117361
      0.31622777       1.7279690    0.0012399862
      0.31768741       1.7275276    0.0012682363
      0.31915379       1.7270861    0.0012964865
      0.32062693       1.7266447    0.0013247366
      0.32210688       1.7262033    0.0013529867
      0.32359366       1.7257619    0.0013812368
      0.32508730       1.7253205    0.0014094870
      0.32658783       1.7248791    0.0014377371
      0.32809529       1.7244377    0.0014659872
      0.32960971       1.7239963    0.0014942373
      0.33113112       1.7235549    0.0015224875
      0.33265955       1.7231135    0.0015507376
      0.33419504       1.7226721    0.0015789877
      0.33573761       1.7222307    0.0016072378
      0.33728731       1.7217893    0.0016354880
      0.33884416       1.7213478    0.0016637381
      0.34040819       1.7209064    0.0016919882
      0.34197944       1.7204650    0.0017202383
      0.34355795       1.7200236    0.0017484885
      0.34514374       1.7192517    0.0017739461
      0.34673685       1.7184611    0.0017992460
      0.34833732       1.7176704    0.0018245458
      0.34994517       1.7168798    0.0018498456
      0.35156044       1.7160892    0.0018751455
      0.35318317       1.7152986    0.0019004453
      0.35481339       1.7145080    0.0019257451
      0.35645113       1.7137173    0.0019510450
      0.35809644       1.7129267    0.0019763448
      0.35974934       1.7121361    0.0020016446
      0.36140986       1.7113455    0.0020269445
      0.36307805       1.7105549    0.0020522443
      0.36475395       1.7097642    0.0020775441
      0.36643757       1.7089736    0.0021028439
      0.36812897       1.7081830    0.0021281438
      0.36982818       1.7073924    0.0021534436
      0.37153523       1.7066018    0.0021787434
      0.37325016       1.7058111    0.0022040433
      0.37497300       1.7050205    0.0022293431
      0.37670380       1.7042299    0.0022546429
      0.37844258       1.7034393    0.0022799428
      0.38018940       1.7026487    0.0023052426
      0.38194427       1.7018580    0.0023305424
      0.38370725       1.7010674    0.0023558422
      0.38547836       1.7002768    0.0023811421
      0.38725764       1.6997804    0.0024038340
      0.38904514       1.6994425    0.0024251209
      0.39084090       1.6991046    0.0024464078
      0.39264494       1.6987668    0.0024676947
      0.39445730       1.6984289    0.0024889816
      0.39627803       1.6980910    0.0025102685
      0.39810717       1.6977531    0.0025315554
      0.39994475       1.6974152    0.0025528423
      0.40179081       1.6970773    0.0025741292
      0.40364539       1.6967394    0.0025954161
      0.40550854       1.6964015    0.0026167030
      0.40738028       1.6960637    0.0026379899
      0.40926066       1.6957258    0.0026592768
      0.41114972       1.6953879    0.0026805637
      0.41304750       1.6950500    0.0027018506
      0.41495404       1.6947121    0.0027231375
      0.41686938       1.6943742    0.0027444244
      0.41879357       1.6940363    0.0027657113
      0.42072663       1.6936984    0.0027869982
      0.42266861       1.6933606    0.0028082851
      0.42461956       1.6930227    0.0028295720
      0.42657952       1.6926848    0.0028508589
      0.42854852       1.6923469    0.0028721458
      0.43052661       1.6920090    0.0028934327
      0.43251383       1.6916711    0.0029147197
      0.43451022       1.6913332    0.0029360066
      0.43651583       1.6909953    0.0029572935
      0.43853070       1.6906575    0.0029785804
      0.44055486       1.6903196    0.0029998673
      0.44258837       1.6899836    0.0030210467
      0.44463127       1.6896820    0.0030403509
      0.44668359       1.6893804    0.0030596551
      0.44874539       1.6890788    0.0030789594
      0.45081670       1.6887771    0.0030982636
      0.45289758       1.6884755    0.0031175678
      0.45498806       1.6881739    0.0031368721
      0.45708819       1.6878722    0.0031561763
      0.45919801       1.6875706    0.0031754805
      0.46131757       1.6872690    0.0031947847
      0.46344692       1.6869674    0.0032140890
      0.46558609       1.6866657    0.0032333932
      0.46773514       1.6863641    0.0032526974
      0.46989411       1.6860625    0.0032720017
      0.47206304       1.6857608    0.0032913059
      0.47424199       1.6854592    0.0033106101
      0.47643099       1.6851576    0.0033299144
      0.47863009       1.6848560    0.0033492186
      0.48083935       1.6845543    0.0033685228
      0.48305880       1.6842527    0.0033878270
      0.48528850       1.6839511    0.0034071313
      0.48752849       1.6836494    0.0034264355
      0.48977882       1.6833478    0.0034457397
      0.49203954       1.6830462    0.0034650440
      0.49431069       1.6827446    0.0034843482
      0.49659232       1.6824429    0.0035036524
      0.49888449       1.6821413    0.0035229567
      0.50118723       1.6818397    0.0035422609
      0.50350061       1.6815380    0.0035615651
      0.50582466       1.6812364    0.0035808694
      0.50815944       1.6809348    0.0036001736
      0.51050500       1.6806332    0.0036194778
      0.51286138       1.6803315    0.0036387820
      0.51522864       1.6800299    0.0036580863
      0.51760683       1.6800000    0.0036744991
      0.51999600       1.6800000    0.0036905938
      0.52239619       1.6800000    0.0037066885
      0.52480746       1.6800000    0.0037227832
      0.52722986       1.6800000    0.0037388779
      0.52966344       1.6800000    0.0037549726
      0.53210826       1.6800000    0.0037710672
      0.53456436       1.6800000    0.0037871619
      0.53703180       1.6800000    0.0038032566
      0.53951062       1.6800000    0.0038193513
      0.54200089       1.6800000    0.0038354460
      0.54450265       1.6800000    0.0038515407
      0.54701596       1.6800000    0.0038676354
      0.54954087       1.6800000    0.0038837300
      0.55207744       1.6800000    0.0038998247
      0.55462571       1.6800000    0.0039159194
      0.55718575       1.6800000    0.0039320141
      0.55975760       1.6800000    0.0039481088
      0.56234133       1.6800000    0.0039642035
      0.56493697       1.6800000    0.0039802981
      0.56754461       1.6800000    0.0039963928
      0.57016427       1.6800000    0.0040124875
      0.57279603       1.6800000    0.0040285822
      0.57543994       1.6800000    0.0040446769
      0.57809605       1.6800000    0.0040607716
      0.58076442       1.6800000    0.0040768663
      0.58344510       1.6800000    0.0040929609
      0.58613816       1.6800000    0.0041090556
      0.58884366       1.6800000    0.0041251503
      0.59156163       1.6800000    0.0041412450
      0.59429216       1.6800000    0.0041573397
      0.59703529       1.6800000    0.0041734344
      0.59979108       1.6800000    0.0041895290
      0.60255959       1.6800000    0.0042056237
      0.60534087       1.6800000    0.0042217184
      0.60813500       1.6800000    0.0042378131
      0.61094202       1.6800000    0.0042539078
      0.61376201       1.6800000    0.0042700025
      0.61659500       1.6800000    0.0042860972
      0.61944108       1.6798469    0.0042998014
      0.62230029       1.6796447    0.0043127405
      0.62517269       1.6794425    0.0043256795
      0.62805836       1.6792403    0.0043386186
      0.63095734       1.6790382    0.0043515577
      0.63386971       1.6788360    0.0043644967
      0.63679552       1.6786338    0.0043774358
      0.63973484       1.6784316    0.0043903748
      0.64268772       1.6782295    0.0044033139
      0.64565423       1.6780273    0.0044162529
      0.64863443       1.6778251    0.0044291920
      0.65162839       1.6776230    0.0044421310
      0.65463617       1.6774208    0.0044550701
      0.65765784       1.6772186    0.0044680091
      0.66069345       1.6770164    0.0044809482
      0.66374307       1.6768143    0.0044938873
      0.66680677       1.6766121    0.0045068263
      0.66988461       1.6764099    0.0045197654
      0.67297666       1.6762077    0.0045327044
      0.67608298       1.6760056    0.0045456435
      0.67920363       1.6758034    0.0045585825
      0.68233869       1.6756012    0.0045715216
      0.68548823       1.6753991    0.0045844606
      0.68865230       1.6751969    0.0045973997
      0.69183097       1.6749947    0.0046103388
      0.69502432       1.6747925    0.0046232778
      0.69823240       1.6745904    0.0046362169
      0.70145530       1.6743882    0.0046491559
      0.70469307       1.6741860    0.0046620950
      0.70794578       1.6739838    0.0046750340
      0.71121351       1.6737817    0.0046879731
      0.71449633       1.6735795    0.0047009121
      0.71779429       1.6733773    0.0047138512
      0.72110748       1.6731752    0.0047267903
      0.72443596       1.6729730    0.0047397293
      0.72777980       1.6727708    0.0047526684
      0.73113908       1.6725686    0.0047656074
      0.73451387       1.6723665    0.0047785465
      0.73790423       1.6721643    0.0047914855
      0.74131024       1.6719621    0.0048044246
      0.74473197       1.6717599    0.0048173636
      0.74816950       1.6715578    0.0048303027
      0.75162289       1.6713556    0.0048432418
      0.75509223       1.6711534    0.0048561808
      0.75857758       1.6709513    0.0048691199
      0.76207901       1.6707491    0.0048820589
      0.76559661       1.6705469    0.0048949980
      0.76913044       1.6703447    0.0049079370
      0.77268059       1.6701426    0.0049208761
      0.77624712       1.6699524    0.0049330481
      0.77983011       1.6697908    0.0049433859
      0.78342964       1.6696293    0.0049537237
      0.78704579       1.6694678    0.0049640614
      0.79067863       1.6693063    0.0049743992
      0.79432823       1.6691447    0.0049847369
      0.79799469       1.6689832    0.0049950747
      0.80167806       1.6688217    0.0050054124
      0.80537844       1.6686602    0.0050157502
      0.80909590       1.6684986    0.0050260879
      0.81283052       1.6683371    0.0050364257
      0.81658237       1.6681756    0.0050467635
      0.82035154       1.6680140    0.0050571012
      0.82413812       1.6678525    0.0050674390
      0.82794216       1.6676910    0.0050777767
      0.83176377       1.6675295    0.0050881145
      0.83560302       1.6673679    0.0050984522
      0.83945999       1.6672064    0.0051087900
      0.84333476       1.6670449    0.0051191277
      0.84722741       1.6668834    0.0051294655
      0.85113804       1.6667218    0.0051398033
      0.85506671       1.6665603    0.0051501410
      0.85901352       1.6663988    0.0051604788
      0.86297855       1.6662372    0.0051708165
      0.86696188       1.6660757    0.0051811543
      0.87096359       1.6659142    0.0051914920
      0.87498378       1.6657527    0.0052018298
      0.87902252       1.6655911    0.0052121675
      0.88307990       1.6654296    0.0052225053
      0.88715601       1.6652681    0.0052328431
      0.89125094       1.6651065    0.0052431808
      0.89536477       1.6649450    0.0052535186
      0.89949758       1.6647835    0.0052638563
      0.90364947       1.6646220    0.0052741941
      0.90782053       1.6644604    0.0052845318
      0.91201084       1.6642989    0.0052948696
      0.91622049       1.6641374    0.0053052073
      0.92044957       1.6639759    0.0053155451
      0.92469817       1.6638143    0.0053258829
      0.92896639       1.6636528    0.0053362206
      0.93325430       1.6634913    0.0053465584
      0.93756201       1.6633297    0.0053568961
      0.94188960       1.6631682    0.0053672339
      0.94623716       1.6630067    0.0053775716
      0.95060479       1.6628452    0.0053879094
      0.95499259       1.6626836    0.0053982472
      0.95940063       1.6625221    0.0054085849
      0.96382902       1.6623606    0.0054189227
      0.96827786       1.6621991    0.0054292604
      0.97274722       1.6620375    0.0054395982
      0.97723722       1.6618760    0.0054499359
      0.98174794       1.6617145    0.0054602737
      0.98627949       1.6615529    0.0054706114
      0.99083194       1.6613914    0.0054809492
      0.99540542       1.6612299    0.0054912870
       1.0000000       1.6610684    0.0055016247
       1.0046158       1.6609068    0.0055119625
       1.0092529       1.6607453    0.0055223002
       1.0139114       1.6605838    0.0055326380
       1.0185914       1.6604223    0.0055429757
       1.0232930       1.6602607    0.0055533135
       1.0280163       1.6600992    0.0055636512
       1.0327614       1.6600437    0.0055727540
       1.0375284       1.6601570    0.0055798912
       1.0423174       1.6602703    0.0055870285
       1.0471285       1.6603836    0.0055941657
       1.0519619       1.6604969    0.0056013029
       1.0568175       1.6606102    0.0056084401
       1.0616956       1.6607235    0.0056155774
       1.0665961       1.6608367    0.0056227146
       1.0715193       1.6609500    0.0056298518
       1.0764652       1.6610633    0.0056369890
       1.0814340       1.6611766    0.0056441263
       1.0864256       1.6612899    0.0056512635
       1.0914403       1.6614032    0.0056584007
       1.0964782       1.6615165    0.0056655379
       1.1015393       1.6616298    0.0056726752
       1.1066238       1.6617431    0.0056798124
       1.1117317       1.6618563    0.0056869496
       1.1168632       1.6619696    0.0056940868
       1.1220185       1.6620829    0.0057012241
       1.1271975       1.6621962    0.0057083613
       1.1324004       1.6623095    0.0057154985
       1.1376273       1.6624228    0.0057226357
       1.1428783       1.6625361    0.0057297730
       1.1481536       1.6626494    0.0057369102
       1.1534533       1.6627627    0.0057440474
       1.1587774       1.6628759    0.0057511846
       1.1641260       1.6629892    0.0057583219
       1.1694994       1.6631025    0.0057654591
       1.1748976       1.6632158    0.0057725963
       1.1803206       1.6633291    0.0057797335
       1.1857687       1.6634424    0.0057868708
       1.1912420       1.6635557    0.0057940080
       1.1967405       1.6636690    0.0058011452
       1.2022644       1.6637823    0.0058082824
       1.2078138       1.6638955    0.0058154196
       1.2133889       1.6640088    0.0058225569
       1.2189896       1.6641221    0.0058296941
       1.2246162       1.6642354    0.0058368313
       1.2302688       1.6643487    0.0058439685
       1.2359474       1.6644620    0.0058511058
       1.2416523       1.6645753    0.0058582430
       1.2473835       1.6646886    0.0058653802
       1.2531412       1.6648019    0.0058725174
       1.2589254       1.6649152    0.0058796547
       1.2647363       1.6650284    0.0058867919
       1.2705741       1.6651417    0.0058939291
       1.2764388       1.6652550    0.0059010663
       1.2823306       1.6653683    0.0059082036
       1.2882496       1.6654816    0.0059153408
       1.2941958       1.6655949    0.0059224780
       1.3001696       1.6657082    0.0059296152
       1.3061709       1.6658215    0.0059367525
       1.3121999       1.6659348    0.0059438897
       1.3182567       1.6660480    0.0059510269
       1.3243415       1.6661613    0.0059581641
       1.3304544       1.6662746    0.0059653014
       1.3365955       1.6663879    0.0059724386
       1.3427650       1.6665012    0.0059795758
       1.3489629       1.6666145    0.0059867130
       1.3551894       1.6667278    0.0059938503
       1.3614447       1.6668411    0.0060009875
       1.3677288       1.6669544    0.0060081247
       1.3740420       1.6670676    0.0060152619
       1.3803843       1.6671809    0.0060223992
       1.3867558       1.6672942    0.0060295364
       1.3931568       1.6674075    0.0060366736
       1.3995873       1.6675208    0.0060438108
       1.4060475       1.6676341    0.0060509481
       1.4125375       1.6677474    0.0060580853
       1.4190575       1.6678607    0.0060652225
       1.4256076       1.6679740    0.0060723597
       1.4321879       1.6680873    0.0060794970
       1.4387986       1.6682005    0.0060866342
       1.4454398       1.6683138    0.0060937714
       1.4521116       1.6684271    0.0061009086
       1.4588143       1.6685404    0.0061080458
       1.4655478       1.6686537    0.0061151831
       1.4723125       1.6687670    0.0061223203
       1.4791084       1.6688803    0.0061294575
       1.4859356       1.6689936    0.0061365947
       1.4927944       1.6691069    0.0061437320
       1.4996848       1.6692201    0.0061508692
       1.5066071       1.6693334    0.0061580064
       1.5135612       1.6694467    0.0061651436
       1.5205475       1.6695600    0.0061722809
       1.5275661       1.6696733    0.0061794181
       1.5346170       1.6697866    0.0061865553
       1.5417005       1.6698999    0.0061936925
       1.5488166       1.6699923    0.0061968795
       1.5559656       1.6699258    0.0061700383
       1.5631476       1.6698594    0.0061431971
       1.5703628       1.6697930    0.0061163559
       1.5776113       1.6697265    0.0060895148
       1.5848932       1.6696601    0.0060626736
       1.5922087       1.6695936    0.0060358324
       1.5995580       1.6695272    0.0060089912
       1.6069413       1.6694608    0.0059821500
       1.6143586       1.6693943    0.0059553089
       1.6218101       1.6693279    0.0059284677
       1.6292960       1.6692615    0.0059016265
       1.6368165       1.6691950    0.0058747853
       1.6443717       1.6691286    0.0058479441
       1.6519618       1.6690621    0.0058211030
       1.6595869       1.6689957    0.0057942618
       1.6672472       1.6689293    0.0057674206
       1.6749429       1.6688628    0.0057405794
       1.6826741       1.6687964    0.0057137382
       1.6904409       1.6687299    0.0056868971
       1.6982437       1.6686635    0.0056600559
       1.7060824       1.6685971    0.0056332147
       1.7139573       1.6685306    0.0056063735
       1.7218686       1.6684642    0.0055795324
       1.7298164       1.6683978    0.0055526912
       1.7378008       1.6683313    0.0055258500
       1.7458222       1.6682649    0.0054990088
       1.7538805       1.6681984    0.0054721676
       1.7619760       1.6681320    0.0054453265
       1.7701090       1.6680656    0.0054184853
       1.7782794       1.6679991    0.0053916441
       1.7864876       1.6679327    0.0053648029
       1.7947336       1.6678662    0.0053379617
       1.8030177       1.6677998    0.0053111206
       1.8113401       1.6677334    0.0052842794
       1.8197009       1.6676669    0.0052574382
       1.8281002       1.6676005    0.0052305970
       1.8365383       1.6675340    0.0052037558
       1.8450154       1.6674676    0.0051769147
       1.8535316       1.6674012    0.0051500735
       1.8620871       1.6673347    0.0051232323
       1.8706821       1.6672683    0.0050963911
       1.8793168       1.6672019    0.0050695500
       1.8879913       1.6671354    0.0050427088
       1.8967059       1.6670690    0.0050158676
       1.9054607       1.6670025    0.0049890264
       1.9142559       1.6669361    0.0049621852
       1.9230917       1.6668697    0.0049353441
       1.9319683       1.6668032    0.0049085029
       1.9408859       1.6667368    0.0048816617
       1.9498446       1.6666703    0.0048548205
       1.9588447       1.6666039    0.0048279793
       1.9678863       1.6665375    0.0048011382
       1.9769696       1.6664710    0.0047742970
       1.9860949       1.6664046    0.0047474558
       1.9952623       1.6663382    0.0047206146
       2.0044720       1.6662717    0.0046937734
       2.0137242       1.6662053    0.0046669323
       2.0230192       1.6661388    0.0046400911
       2.0323570       1.6660724    0.0046132499
       2.0417379       1.6660060    0.0045864087
       2.0511622       1.6659395    0.0045595676
       2.0606299       1.6658731    0.0045327264
       2.0701413       1.6658066    0.0045058852
       2.0796967       1.6657402    0.0044790440
       2.0892961       1.6656738    0.0044522028
       2.0989399       1.6656073    0.0044253617
       2.1086281       1.6655409    0.0043985205
       2.1183611       1.6654745    0.0043716793
       2.1281390       1.6654080    0.0043448381
       2.1379621       1.6653416    0.0043179969
       2.1478305       1.6652751    0.0042911558
       2.1577444       1.6652087    0.0042643146
       2.1677041       1.6651423    0.0042374734
       2.1777098       1.6650758    0.0042106322
       2.1877616       1.6650094    0.0041837910
       2.1978599       1.6649429    0.0041569499
       2.2080047       1.6648765    0.0041301087
       2.2181964       1.6648101    0.0041032675
       2.2284351       1.6647436    0.0040764263
       2.2387211       1.6646772    0.0040495852
       2.2490546       1.6646108    0.0040227440
       2.2594358       1.6645443    0.0039959028
       2.2698649       1.6644779    0.0039690616
       2.2803421       1.6644114    0.0039422204
       2.2908677       1.6643450    0.0039153793
       2.3014418       1.6642786    0.0038885381
       2.3120648       1.6642121    0.0038616969
       2.3227368       1.6641457    0.0038348557
       2.3334581       1.6640792    0.0038080145
       2.3442288       1.6640128    0.0037811734
       2.3550493       1.6639464    0.0037543322
       2.3659197       1.6638799    0.0037274910
       2.3768403       1.6638135    0.0037006498
       2.3878113       1.6637471    0.0036738086
       2.3988329       1.6636806    0.0036469675
       2.4099054       1.6636142    0.0036201263
       2.4210290       1.6635477    0.0035932851
       2.4322040       1.6634813    0.0035664439
       2.4434306       1.6634149    0.0035396027
       2.4547089       1.6633484    0.0035127616
       2.4660393       1.6632820    0.0034859204
       2.4774221       1.6632155    0.0034590792
       2.4888573       1.6631491    0.0034322380
       2.5003454       1.6630827    0.0034053969
       2.5118864       1.6630162    0.0033785557
       2.5234808       1.6629498    0.0033517145
       2.5351286       1.6628833    0.0033248733
       2.5468303       1.6628169    0.0032980321
       2.5585859       1.6627505    0.0032711910
       2.5703958       1.6626840    0.0032443498
       2.5822602       1.6626176    0.0032175086
       2.5941794       1.6625512    0.0031906674
       2.6061535       1.6624847    0.0031638262
       2.6181830       1.6624183    0.0031369851
       2.6302680       1.6623518    0.0031101439
       2.6424088       1.6622854    0.0030833027
       2.6546056       1.6622190    0.0030564615
       2.6668587       1.6621525    0.0030296203
       2.6791683       1.6620861    0.0030027792
       2.6915348       1.6620196    0.0029759380
       2.7039584       1.6619532    0.0029490968
       2.7164393       1.6618868    0.0029222556
       2.7289778       1.6618203    0.0028954145
       2.7415742       1.6617539    0.0028685733
       2.7542287       1.6616875    0.0028417321
       2.7669416       1.6616210    0.0028148909
       2.7797133       1.6615546    0.0027880497
       2.7925438       1.6614881    0.0027612086
       2.8054336       1.6614217    0.0027343674
       2.8183829       1.6613553    0.0027075262
       2.8313920       1.6612888    0.0026806850
       2.8444611       1.6612224    0.0026538438
       2.8575905       1.6611559    0.0026270027
       2.8707806       1.6610895    0.0026001615
       2.8840315       1.6610231    0.0025733203
       2.8973436       1.6609566    0.0025464791
       2.9107171       1.6608902    0.0025196379
       2.9241524       1.6608238    0.0024927968
       2.9376497       1.6607573    0.0024659556
       2.9512092       1.6606909    0.0024391144
       2.9648314       1.6606244    0.0024122732
       2.9785164       1.6605580    0.0023854321
       2.9922646       1.6604916    0.0023585909
       3.0060763       1.6604251    0.0023317497
       3.0199517       1.6603587    0.0023049085
       3.0338912       1.6602922    0.0022780673
       3.0478950       1.6602258    0.0022512262
       3.0619634       1.6601594    0.0022243850
       3.0760968       1.6600929    0.0021975438
       3.0902954       1.6600265    0.0021707026
       3.1045596       1.6588960    0.0021125261
       3.1188896       1.6570597    0.0020335688
       3.1332857       1.6552235    0.0019546115
       3.1477483       1.6533873    0.0018756543
       3.1622777       1.6515511    0.0017966970
       3.1768741       1.6500000    0.0017180473
       3.1915379       1.6500000    0.0016410703
       3.2062693       1.6500000    0.0015640934
       3.2210688       1.6500000    0.0014871165
       3.2359366       1.6500000    0.0014101395
       3.2508730       1.6500000    0.0013331626
       3.2658783       1.6500000    0.0012567172
       3.2809529       1.6500000    0.0011806742
       3.2960971       1.6500000    0.0011046311
       3.3113112       1.6500000    0.0010285880
       3.3265955       1.6500000   0.00095254498
       3.3419504       1.6500000   0.00087650192
       3.3573761       1.6500000   0.00080270427
       3.3728731       1.6500000   0.00072934840
       3.3884416       1.6500000   0.00065599254
       3.4040819       1.6500000   0.00058263667
       3.4197944       1.6500000   0.00050928081
       3.4355795       1.6500000   0.00043592494
       3.4514374       1.6490318   0.00043392968
       3.4673685       1.6480088   0.00043596845
       3.4833732       1.6469859   0.00043800722
       3.4994517       1.6459630   0.00044004599
       3.5156044       1.6449400   0.00044208476
       3.5318317       1.6439171   0.00044412353
       3.5481339       1.6428941   0.00044616230
       3.5645113       1.6418712   0.00044820107
       3.5809644       1.6408482   0.00045023983
       3.5974934       1.6398253   0.00045227860
       3.6140986       1.6388023   0.00045431737
       3.6307805       1.6377794   0.00045635614
       3.6475395       1.6367564   0.00045839491
       3.6643757       1.6357335   0.00046043368
       3.6812897       1.6347105   0.00046247245
       3.6982818       1.6336876   0.00046451122
       3.7153523       1.6326647   0.00046654999
       3.7325016       1.6316417   0.00046858875
       3.7497300       1.6306188   0.00047062752
       3.7670380       1.6295958   0.00047266629
       3.7844258       1.6285729   0.00047470506
       3.8018940       1.6275499   0.00047674383
       3.8194427       1.6265270   0.00047878260
       3.8370725       1.6255040   0.00048082137
       3.8547836       1.6244811   0.00048286014
       3.8725764       1.6234581   0.00048489891
       3.8904514       1.6224352   0.00048693767
       3.9084090       1.6214123   0.00048897644
       3.9264494       1.6203893   0.00049101521
       3.9445730       1.6193664   0.00049305398
       3.9627803       1.6183434   0.00049509275
       3.9810717       1.6173205   0.00049713152
       3.9994475       1.6162975   0.00049917029
       4.0179081       1.6152746   0.00050120906
       4.0364539       1.6142516   0.00050324782
       4.0550854       1.6132287   0.00050528659
       4.0738028       1.6122057   0.00050732536
       4.0926066       1.6111828   0.00050936413
       4.1114972       1.6101599   0.00051140290
       4.1304750       1.6091369   0.00051344167
       4.1495404       1.6081140   0.00051548044
       4.1686938       1.6070910   0.00051751921
       4.1879357       1.6060681   0.00051955798
       4.2072663       1.6050451   0.00052159674
       4.2266861       1.6040222   0.00052363551
       4.2461956       1.6029992   0.00052567428
       4.2657952       1.6019763   0.00052771305
       4.2854852       1.6009533   0.00052975182
       4.3052661       1.5999304   0.00053179059
       4.3251383       1.5989074   0.00053382936
       4.3451022       1.5978845   0.00053586813
       4.3651583       1.5968616   0.00053790690
       4.3853070       1.5958386   0.00053994566
       4.4055486       1.5948157   0.00054198443
       4.4258837       1.5937927   0.00054402320
       4.4463127       1.5927698   0.00054606197
       4.4668359       1.5917468   0.00054810074
       4.4874539       1.5907239   0.00055013951
       4.5081670       1.5897009   0.00055217828
       4.5289758       1.5886780   0.00055421705
       4.5498806       1.5876550   0.00055625582
       4.5708819       1.5866321   0.00055829458
       4.5919801       1.5856092   0.00056033335
       4.6131757       1.5845862   0.00056237212
       4.6344692       1.5835633   0.00056441089
       4.6558609       1.5825403   0.00056644966
       4.6773514       1.5815174   0.00056848843
       4.6989411       1.5804944   0.00057052720
       4.7206304       1.5794715   0.00057256597
       4.7424199       1.5784485   0.00057460474
       4.7643099       1.5774256   0.00057664350
       4.7863009       1.5764026   0.00057868227
       4.8083935       1.5753797   0.00058072104
       4.8305880       1.5743568   0.00058275981
       4.8528850       1.5733338   0.00058479858
       4.8752849       1.5723109   0.00058683735
       4.8977882       1.5712879   0.00058887612
       4.9203954       1.5702650   0.00059091489
       4.9431069       1.5692420   0.00059295365
       4.9659232       1.5682191   0.00059499242
       4.9888449       1.5671961   0.00059703119
       5.0118723       1.5661457   0.00059802000
       5.0350061       1.5649746   0.00059802000
       5.0582466       1.5638033   0.00059802000
       5.0815944       1.5626295   0.00059802000
       5.1050500       1.5613898   0.00069053000
       5.1286138       1.5602028   0.00069053000
       5.1522864       1.5590141   0.00069053000
       5.1760683       1.5577314   0.00069053000
       5.1999600       1.5564413   0.00069053000
       5.2239619       1.5551555   0.00069053000
       5.2480746       1.5538691   0.00072708171
       5.2722986       1.5525148   0.00071554615
       5.2966344       1.5511981   0.00077204000
       5.3210826       1.5498133   0.00077204000
       5.3456436       1.5484246   0.00083647100
       5.3703180       1.5470372   0.00077204000
       5.3951062       1.5456098   0.00080259118
       5.4200089       1.5442070   0.00084573000
       5.4450265       1.5427077   0.00084573000
       5.4701596       1.5412040   0.00084573000
       5.4954087       1.5397054   0.00091296650
       5.5207744       1.5382014   0.00091349000
       5.5462571       1.5366741   0.00091349000
       5.5718575       1.5350990   0.00094061355
       5.5975760       1.5334987   0.00094040427
       5.6234133       1.5318237   0.00097656000
       5.6493697       1.5302077   0.00097656000
       5.6754461       1.5284904   0.00097726995
       5.7016427       1.5268791    0.0010358000
       5.7279603       1.5250618    0.0010358000
       5.7543994       1.5233450    0.0010918000
       5.7809605       1.5215728    0.0010918000
       5.8076442       1.5197414    0.0010918000
       5.8344510       1.5179114    0.0011451000
       5.8613816       1.5160799    0.0011462390
       5.8884366       1.5141544    0.0011960000
       5.9156163       1.5122223    0.0012110907
       5.9429216       1.5102904    0.0012449000
       5.9703529       1.5082617    0.0012730125
       5.9979108       1.5062548    0.0012799256
       6.0255959       1.5041979    0.0013322739
       6.0534087       1.5020685    0.0013385817
       6.0813500       1.4999205    0.0013811000
       6.1094202       1.4977776    0.0013948016
       6.1376201       1.4955897    0.0014236000
       6.1659500       1.4933289    0.0014648000
       6.1944108       1.4910718    0.0015050000
       6.2230029       1.4887072    0.0015402903
       6.2517269       1.4863489    0.0015822000
       6.2805836       1.4839701    0.0016194000
       6.3095734       1.4815021    0.0016314704
       6.3386971       1.4790264    0.0016728645
       6.3679552       1.4764503    0.0017132403
       6.3973484       1.4738758    0.0017526389
       6.4268772       1.4712151    0.0017941000
       6.4565423       1.4685300    0.0018287391
       6.4863443       1.4658357    0.0018911000
       6.5162839       1.4630113    0.0019331173
       6.5463617       1.4601625    0.0019834000
       6.5765784       1.4572082    0.0020132000
       6.6069345       1.4543118    0.0020651406
       6.6374307       1.4512128    0.0021262786
       6.6680677       1.4481984    0.0021855357
       6.6988461       1.4449824    0.0022220843
       6.7297666       1.4417652    0.0022734063
       6.7608298       1.4384963    0.0023416675
       6.7920363       1.4351655    0.0024081349
       6.8233869       1.4317299    0.0024606894
       6.8548823       1.4282060    0.0025342437
       6.8865230       1.4246594    0.0026085859
       6.9183097       1.4209971    0.0026619821
       6.9502432       1.4172344    0.0027346861
       6.9823240       1.4133726    0.0028054962
       7.0145530       1.4095131    0.0028952324
       7.0469307       1.4054733    0.0029721821
       7.0794578       1.4013933    0.0030571753
       7.1121351       1.3971216    0.0031490397
       7.1449633       1.3928239    0.0032313512
       7.1779429       1.3884027    0.0033286709
       7.2110748       1.3838919    0.0034321538
       7.2443596       1.3792244    0.0035296058
       7.2777980       1.3745089    0.0036366185
       7.3113908       1.3695891    0.0037484255
       7.3451387       1.3645508    0.0038657748
       7.3790423       1.3594007    0.0039873350
       7.4131024       1.3541146    0.0041153218
       7.4473197       1.3485986    0.0042485648
       7.4816950       1.3430238    0.0043910681
       7.5162289       1.3372643    0.0045364505
       7.5509223       1.3312825    0.0046877261
       7.5857758       1.3251660    0.0048490458
       7.6207901       1.3188146    0.0050190770
       7.6559661       1.3123391    0.0052023971
       7.6913044       1.3056334    0.0053891199
       7.7268059       1.2986813    0.0055893446
       7.7624712       1.2914380    0.0057978627
       7.7983011       1.2840622    0.0060229486
       7.8342964       1.2763317    0.0062582650
       7.8704579       1.2684518    0.0065071546
       7.9067863       1.2601733    0.0067729452
       7.9432823       1.2515879    0.0070528247
       7.9799469       1.2427330    0.0073512673
       8.0167806       1.2335293    0.0076742977
       8.0537844       1.2239041    0.0080156538
       8.0909590       1.2139210    0.0083768706
       8.1283052       1.2034689    0.0087718118
       8.1658237       1.1926630    0.0091918390
       8.2035154       1.1812950    0.0096447282
       8.2413812       1.1693918     0.010130652
       8.2794216       1.1569921     0.010658304
       8.3176377       1.1439515     0.011230156
       8.3560302       1.1301924     0.011851715
       8.3945999       1.1157399     0.012529421
       8.4333476       1.1005702     0.013269606
       8.4722741       1.0844820     0.014080767
       8.5113804       1.0674758     0.014976419
       8.5506671       1.0493483     0.015964097
       8.5901352       1.0302286     0.017061103
       8.6297855       1.0096563     0.018292444
       8.6696188      0.98779619     0.019671305
       8.7096359      0.96421783     0.021234880
       8.7498378      0.93891632     0.023008652
       8.7902252      0.91150935     0.025046247
       8.8307990      0.88168702     0.027411395
       8.8715601      0.84908745     0.030186616
       8.9125094      0.81318398     0.033500249
       8.9536477      0.77335561     0.037516133
       8.9949758      0.72869748     0.042499990
       9.0364947      0.67797856     0.048879254
       9.0782053      0.61974058     0.057347940
       9.1201084      0.55110626     0.069344256
       9.1622049      0.46754188     0.088193905
       9.2044957      0.36186809      0.12392937
       9.2469817      0.23764393      0.20685754
       9.2896639      0.15364791      0.34643485
       9.3325430      0.12042955      0.48158377
       9.3756201      0.10601227      0.60088535
       9.4188960     0.099074875      0.71057376
       9.4623716     0.096037955      0.81542126
       9.5060479     0.095518247      0.91821022
       9.5499259     0.096884761       1.0212358
       9.5940063     0.099922541       1.1261960
       9.6382902      0.10465189       1.2350566
       9.6827786      0.11120298       1.3490233
       9.7274722      0.11998420       1.4708515
       9.7723722      0.13156895       1.6024965
       9.8174794      0.14693879       1.7473619
       9.8627949      0.16761684       1.9099098
       9.9083194      0.19609016       2.0957793
       9.9540542      0.23685230       2.3138457
       10.000000      0.29904734       2.5805692
       10.046158      0.39789782       2.9084556
       10.092529      0.58470069       3.3556543
       10.139114       1.0069210       3.9835943
       10.185914       2.1396698       4.6716267
       10.232930       4.1033436       3.8497718
       10.280163       4.0097266       1.9556757
       10.327614       3.0121884       1.4176966
       10.375284       2.2778580       1.9605013
       10.423174       2.9287465       3.0514183
       10.471285       4.5394567       2.2753221
       10.519619       4.3223792      0.97561151
       10.568175       3.8161754      0.50867225
       10.616956       3.4570285      0.32299013
       10.665961       3.2011847      0.23049069
       10.715193       3.0085160      0.17681494
       10.764652       2.8563133      0.14248842
       10.814340       2.7336414      0.11924145
       10.864256       2.6277993      0.10213936
       10.914403       2.5380961     0.089757466
       10.964782       2.4590761     0.080525965
       11.015393       2.3881669     0.073781351
       11.066238       2.3247231     0.069297768
       11.117317       2.2658175     0.067050705
       11.168632       2.2089199     0.067695686
       11.220185       2.1545421     0.072983860
       11.271975       2.1022109     0.087123047
       11.324004       2.0567103      0.12068260
       11.376273       2.0538174      0.17101909
       11.428783       2.0954413      0.16319807
       11.481536       2.0831657      0.11240960
       11.534533       2.0422867     0.084674900
       11.587774       1.9981190     0.073998603
       11.641260       1.9564001     0.073388908
       11.694994       1.9161525     0.080763620
       11.748976       1.8783753     0.097628892
       11.803206       1.8459253      0.12912598
       11.857687       1.8350505      0.17775319
       11.912420       1.8681828      0.22245903
       11.967405       1.9269199      0.21538802
       12.022644       1.9527270      0.16575668
       12.078138       1.9414315      0.11764195
       12.133889       1.9156423     0.086250403
       12.189896       1.8877523     0.067027622
       12.246162       1.8604613     0.054692217
       12.302688       1.8353563     0.046622480
       12.359474       1.8118634     0.041026071
       12.416523       1.7900056     0.037050565
       12.473835       1.7691190     0.034101776
       12.531412       1.7494082     0.031919214
       12.589254       1.7305190     0.030253998
       12.647363       1.7121413     0.028977608
       12.705741       1.6942382     0.027998470
       12.764388       1.6769274     0.027254276
       12.823306       1.6598270     0.026692457
       12.882496       1.6432621     0.026290652
       12.941958       1.6265356     0.026012829
       13.001696       1.6103109     0.025852955
       13.061709       1.5940207     0.025793495
       13.121999       1.5776878     0.025823900
       13.182567       1.5614891     0.025938640
       13.243415       1.5451711     0.026136200
       13.304544       1.5290524     0.026403036
       13.365955       1.5126077     0.026750959
       13.427650       1.4959559     0.027176584
       13.489629       1.4792847     0.027673538
       13.551894       1.4623687     0.028252328
       13.614447       1.4451971     0.028908560
       13.677288       1.4277268     0.029652639
       13.740420       1.4099818     0.030484178
       13.803843       1.3917317     0.031418631
       13.867558       1.3733372     0.032445090
       13.931568       1.3542705     0.033596109
       13.995873       1.3345357     0.034883833
       14.060475       1.3144654     0.036295977
       14.125375       1.2934037     0.037887136
       14.190575       1.2717826     0.039638902
       14.256076       1.2492792     0.041600516
       14.321879       1.2262144     0.043771045
       14.387986       1.2015387     0.046255311
       14.454398       1.1759746     0.049027197
       14.521116       1.1491996     0.052154085
       14.588143       1.1207600     0.055728956
       14.655478       1.0908058     0.059812712
       14.723125       1.0587184     0.064549724
       14.791084       1.0242794     0.070107531
       14.859356      0.98758168     0.076597206
       14.927944      0.94770415     0.084375991
       14.996848      0.90402759     0.093849288
       15.066071      0.85654505      0.10542583
       15.135612      0.80355048      0.12015150
       15.205475      0.74436896      0.13927019
       15.275661      0.67797874      0.16502083
       15.346170      0.60169161      0.20221451
       15.417005      0.51821728      0.25679780
       15.488166      0.43492750      0.33653884
       15.559656      0.36553503      0.44372334
       15.631476      0.32089949      0.56475335
       15.703628      0.29737142      0.68868138
       15.776113      0.28892412      0.81075101
       15.848932      0.29134906      0.93498891
       15.922087      0.30299516       1.0590563
       15.995580      0.32470694       1.1907167
       16.069413      0.35800983       1.3294450
       16.143586      0.40663288       1.4787247
       16.218101      0.47874393       1.6454549
       16.292960      0.58667198       1.8299879
       16.368165      0.75428796       2.0341139
       16.443717       1.0196723       2.2412396
       16.519618       1.4306083       2.3882453
       16.595869       1.9806294       2.3254626
       16.672472       2.4518995       1.9298995
       16.749429       2.6004006       1.3990724
       16.826741       2.5075123      0.98394614
       16.904409       2.3408941      0.71608634
       16.982437       2.1720559      0.54851279
       17.060824       2.0176546      0.44009520
       17.139573       1.8802547      0.36822456
       17.218686       1.7576066      0.31962688
       17.298164       1.6461844      0.28650945
       17.378008       1.5442948      0.26472032
       17.458222       1.4470558      0.25081829
       17.538805       1.3548919      0.24360935
       17.619760       1.2642952      0.24211791
       17.701090       1.1745497      0.24617079
       17.782794       1.0835307      0.25613805
       17.864876      0.99100917      0.27287187
       17.947336      0.89372990      0.29903917
       18.030177      0.79437551      0.33675002
       18.113401      0.69208090      0.39141938
       18.197009      0.59379921      0.46686302
       18.281002      0.50903064      0.56269361
       18.365383      0.44422342      0.67276078
       18.450154      0.40060174      0.78603069
       18.535316      0.37369126      0.89650471
       18.620871      0.35818516       1.0055060
       18.706821      0.35173950       1.1096213
       18.793168      0.35247385       1.2134931
       18.879913      0.35969113       1.3157814
       18.967059      0.37314993       1.4177332
       19.054607      0.39362088       1.5222267
       19.142559      0.42187008       1.6282820
       19.230917      0.45910237       1.7367318
       19.319683      0.50838751       1.8500340
       19.408859      0.57252867       1.9670615
       19.498446      0.65579572       2.0867138
       19.588447      0.76545645       2.2080806
       19.678863      0.91062614       2.3253156
       19.769696       1.0997092       2.4243127
       19.860949       1.3394121       2.4834227
       19.952623       1.6198593       2.4687997
       20.044720       1.9041014       2.3492542
       20.137242       2.1333262       2.1222479
       20.230192       2.2554051       1.8343895
       20.323570       2.2653324       1.5457665
       20.417379       2.1918325       1.2989997
       20.511622       2.0720393       1.1069272
       20.606299       1.9297964      0.96430836
       20.701413       1.7756885      0.86099602
       20.796967       1.6169187      0.79082729
       20.892961       1.4547999      0.74844787
       20.989399       1.2912785      0.73233426
       21.086281       1.1267429      0.74251534
       21.183611      0.96112453      0.78200236
       21.281390      0.80367165      0.85350717
       21.379621      0.66545894      0.95450652
       21.478305      0.55351345       1.0763542
       21.577444      0.46873050       1.2070085
       21.677041      0.40725706       1.3371467
       21.777098      0.36217882       1.4644300
       21.877616      0.32917290       1.5872912
       21.978599      0.30484731       1.7074051
       22.080047      0.28744730       1.8242825
       22.181964      0.27554512       1.9400850
       22.284351      0.26858276       2.0544565
       22.387211      0.26634040       2.1688722
       22.490546      0.26882462       2.2833350
       22.594358      0.27562760       2.3959006
       22.698649      0.28477529       2.5056473
       22.803421      0.29154808       2.6133831
       22.908677      0.29148954       2.7231622
       23.014418      0.28633707       2.8449199
       23.120648      0.28190615       2.9801094
       23.227368      0.28174916       3.1277223
       23.334581      0.28668856       3.2887224
       23.442288      0.29685610       3.4642577
       23.550493      0.31237530       3.6553708
       23.659197      0.33396506       3.8660579
       23.768403      0.36324450       4.1028149
       23.878113      0.40347895       4.3753961
       23.988329      0.45918429       4.6927746
       24.099054      0.53959147       5.0741602
       24.210290      0.66206666       5.5465455
       24.322040      0.86602066       6.1620286
       24.434306       1.2456458       7.0014669
       24.547089       2.0884364       8.2048613
       24.660393       4.5085428       9.5921109
       24.774221       8.7037462       7.6945216
       24.888573       8.5967213       3.6031486
       25.003454       7.0073950       2.0149307
       25.118864       5.7963184       1.4783354
       25.234808       4.8856428       1.3206079
       25.351286       4.1589908       1.3650966
       25.468303       3.5768079       1.5692205
       25.585859       3.1278238       1.9233724
       25.703958       2.8604849       2.3916501
       25.822602       2.7972202       2.9068563
       25.941794       2.9299020       3.4124834
       26.061535       3.2464087       3.8595385
       26.181830       3.7418738       4.1965141
       26.302680       4.3881249       4.3358436
       26.424088       5.0889026       4.2014488
       26.546056       5.6844828       3.7885524
       26.668587       6.0508617       3.2054267
       26.791683       6.1724474       2.6098790
       26.915348       6.1220135       2.0938350
       27.039584       5.9795779       1.6876498
       27.164393       5.8007659       1.3799846
       27.289778       5.6138590       1.1444891
       27.415742       5.4325117      0.96365099
       27.542287       5.2626268      0.82338858
       27.669416       5.1055998      0.71308357
       27.797133       4.9609897      0.62488344
       27.925438       4.8275282      0.55337609
       28.054336       4.7060718      0.49570076
       28.183829       4.5926045      0.44750131
       28.313920       4.4874573      0.40736154
       28.444611       4.3896128      0.37375599
       28.575905       4.2979683      0.34542400
       28.707806       4.2113524      0.32141798
       28.840315       4.1288197      0.30107309
       28.973436       4.0509279      0.28417480
       29.107171       3.9753316      0.26996588
       29.241524       3.9023601      0.25839309
       29.376497       3.8313285      0.24933689
       29.512092       3.7616408      0.24273443
       29.648314       3.6923669      0.23870136
       29.785164       3.6226702      0.23755517
       29.922646       3.5525945      0.23984300
       30.060763       3.4799096      0.24643897
       30.199517       3.4045128      0.25870643
       30.338912       3.3249323      0.27902113
       30.478950       3.2395118      0.31148429
       30.619634       3.1481120      0.36291153
       30.760968       3.0535826      0.44565593
       30.902954       2.9694576      0.57901602
       31.045596       2.9372720      0.78234056
       31.188896       3.0415757       1.0268214
       31.332857       3.3252663       1.1656727
       31.477483       3.6273322       1.0587819
       31.622777       3.7526572      0.81543732
       31.768741       3.7227888      0.60604791
       31.915379       3.6320451      0.47086393
       32.062693       3.5262319      0.38957439
       32.210688       3.4192328      0.34337005
       32.359366       3.3130671      0.32070052
       32.508730       3.2060655      0.31587008
       32.658783       3.0951101      0.32716294
       32.809529       2.9768101      0.35651614
       32.960971       2.8461024      0.40974042
       33.113112       2.6999967      0.49824133
       33.265955       2.5382134      0.64449236
       33.419504       2.3767550      0.88657674
       33.573761       2.2765417       1.2683317
       33.728731       2.3611325       1.7881592
       33.884416       2.7718608       2.3163979
       34.040819       3.5462152       2.5776591
       34.197944       4.3568265       2.2733965
       34.355795       4.7280821       1.6284438
       34.514374       4.7090900       1.0886066
       34.673685       4.5552855      0.74750670
       34.833732       4.3886145      0.54439739
       34.994517       4.2386823      0.41978497
       35.156044       4.1082717      0.34014932
       35.318317       3.9939837      0.28894381
       35.481339       3.8908944      0.25794875
       35.645113       3.7941908      0.24441664
       35.809644       3.6993025      0.25122565
       35.974934       3.6041102      0.29098144
       36.140986       3.5279240      0.39785962
       36.307805       3.5799821      0.58308802
       36.475395       3.8309204      0.60791440
       36.643757       3.9410300      0.40696474
       36.812897       3.8937263      0.25820759
       36.982818       3.8222101      0.18228194
       37.153523       3.7597656      0.14208442
       37.325016       3.7076092      0.11827019
       37.497300       3.6634167      0.10252785
       37.670380       3.6253886     0.091361654
       37.844258       3.5920242     0.083027539
       38.018940       3.5622374     0.076488197
       38.194427       3.5350716     0.071170182
       38.370725       3.5105045     0.066779972
       38.547836       3.4878366     0.063052208
       38.725764       3.4667634     0.059829451
       38.904514       3.4470229     0.056996906
       39.084090       3.4285888     0.054496688
       39.264494       3.4112150     0.052246795
       39.445730       3.3947174     0.050220447
       39.627803       3.3791513     0.048379903
       39.810717       3.3643524     0.046696566
       39.994475       3.3502283     0.045153735
       40.179081       3.3367264     0.043719904
       40.364539       3.3237751     0.042392526
       40.550854       3.3114244     0.041158438
       40.738028       3.2995227     0.040003663
       40.926066       3.2880186     0.038917259
       41.114972       3.2769917     0.037896526
       41.304750       3.2664160     0.036938963
       41.495404       3.2562122     0.036034152
       41.686938       3.2462519     0.035177276
       41.879357       3.2366573     0.034359867
       42.072663       3.2272979     0.033585761
       42.266861       3.2184196     0.032849569
       42.461956       3.2096186     0.032143051
       42.657952       3.2011870     0.031473988
       42.854852       3.1929877     0.030833785
       43.052661       3.1849801     0.030221559
       43.251383       3.1772129     0.029627404
       43.451022       3.1695999     0.029066367
       43.651583       3.1622978     0.028523077
       43.853070       3.1551300     0.028001473
       44.055486       3.1480933     0.027499840
       44.258837       3.1413215     0.027011543
       44.463127       3.1346890     0.026544411
       44.668359       3.1281445     0.026093899
       44.874539       3.1218305     0.025658676
       45.081670       3.1157073     0.025235990
       45.289758       3.1096217     0.024829805
       45.498806       3.1037305     0.024438804
       45.708819       3.0979776     0.024053551
       45.919801       3.0923067     0.023679632
       46.131757       3.0868312     0.023319547
       46.344692       3.0814575     0.022974768
       46.558609       3.0761846     0.022637384
       46.773514       3.0709817     0.022310201
       46.989411       3.0659475     0.021979738
       47.206304       3.0610083     0.021674907
       47.424199       3.0561501     0.021373687
       47.643099       3.0513484     0.021082368
       47.863009       3.0467065     0.020791099
       48.083935       3.0420972     0.020506642
       48.305880       3.0376972     0.020242874
       48.528850       3.0332331     0.019967989
       48.752849       3.0289357     0.019709608
       48.977882       3.0247169     0.019460613
       49.203954       3.0205443     0.019219117
       49.431069       3.0164704     0.018978187
       49.659232       3.0125004     0.018735282
       49.888449       3.0085422     0.018512494
       50.118723       3.0046875     0.018280832
       50.350061       3.0008856     0.018062978
       50.582466       2.9971382     0.017850443
       50.815944       2.9934814     0.017636874
       51.050500       2.9899367     0.017430200
       51.286138       2.9863968     0.017226077
       51.522864       2.9828798     0.017032941
       51.760683       2.9794823     0.016836995
       51.999600       2.9761196     0.016654677
       52.239619       2.9728560     0.016469450
       52.480746       2.9695421     0.016282203
       52.722986       2.9664125     0.016106789
       52.966344       2.9632114     0.015931896
       53.210826       2.9601123     0.015766796
       53.456436       2.9571100     0.015592970
       53.703180       2.9541061     0.015427771
       53.951062       2.9511800     0.015266188
       54.200089       2.9482893     0.015108506
       54.450265       2.9453970     0.014953857
       54.701596       2.9426154     0.014800913
       54.954087       2.9398242     0.014646209
       55.207744       2.9371344     0.014505284
       55.462571       2.9344506     0.014363952
       55.718575       2.9318340     0.014220648
       55.975760       2.9291622     0.014076194
       56.234133       2.9266888     0.013947363
       56.493697       2.9241144     0.013802957
       56.754461       2.9216411     0.013668064
       57.016427       2.9192090     0.013543341
       57.279603       2.9167504     0.013411702
       57.543994       2.9143926     0.013297096
       57.809605       2.9120364     0.013162822
       58.076442       2.9097783     0.013045561
       58.344510       2.9074291     0.012912678
       58.613816       2.9051892     0.012808597
       58.884366       2.9029989     0.012688489
       59.156163       2.9008000     0.012578201
       59.429216       2.8986559     0.012463587
       59.703529       2.8965121     0.012339500
       59.979108       2.8944679     0.012234747
       60.255959       2.8924219     0.012131053
       60.534087       2.8903760     0.012027041
       60.813500       2.8883772     0.011921211
       61.094202       2.8863488     0.011815501
       61.376201       2.8844166     0.011712683
       61.659500       2.8824851     0.011601865
       61.944108       2.8806586     0.011512069
       62.230029       2.8787250     0.011422029
       62.517269       2.8768957     0.011332801
       62.805836       2.8750675     0.011231726
       63.095734       2.8732977     0.011136814
       63.386971       2.8714824     0.011041818
       63.679552       2.8697673     0.010963850
       63.973484       2.8680508     0.010851646
       64.268772       2.8663389     0.010777138
       64.565423       2.8646211     0.010682313
       64.863443       2.8629551     0.010608830
       65.162839       2.8613556     0.010511798
       65.463617       2.8596735     0.010436758
       65.765784       2.8581507     0.010359665
       66.069345       2.8565490     0.010264250
       66.374307       2.8549505     0.010190873
       66.680677       2.8534469     0.010116683
       66.988461       2.8519476     0.010030337
       67.297666       2.8504445    0.0099517966
       67.608298       2.8489433    0.0098726651
       67.920363       2.8474417    0.0097928919
       68.233869       2.8460430    0.0097372044
       68.548823       2.8446399    0.0096561783
       68.865230       2.8432386    0.0095746035
       69.183097       2.8418376    0.0095054058
       69.502432       2.8404374    0.0094514464
       69.823240       2.8391149    0.0093717657
       70.145530       2.8377297    0.0093158000
       70.469307       2.8364431    0.0092362531
       70.794578       2.8351555    0.0091547140
       71.121351       2.8338695    0.0090987354
       71.449633       2.8325818    0.0090422988
       71.779429       2.8312969    0.0089590287
       72.110748       2.8300911    0.0089017806
       72.443596       2.8288209    0.0088440404
       72.777980       2.8276350    0.0087725553
       73.113908       2.8264474    0.0087140295
       73.451387       2.8252024    0.0086414950
       73.790423       2.8240754    0.0085820625
       74.131024       2.8228884    0.0085222629
       74.473197       2.8217837    0.0084620030
       74.816950       2.8206126    0.0084014111
       75.162289       2.8195400    0.0083528553
       75.509223       2.8183673    0.0082893356
       75.857758       2.8172951    0.0082312563
       76.207901       2.8162227    0.0081689074
       76.559661       2.8151503    0.0081163192
       76.913044       2.8140786    0.0080575521
       77.268059       2.8131058    0.0080085741
       77.624712       2.8120349    0.0079596961
       77.983011       2.8110621    0.0078951730
       78.342964       2.8100309    0.0078452509
       78.704579       2.8090171    0.0077885430
       79.067863       2.8080444    0.0077446957
       79.432823       2.8070735    0.0076917653
       79.799469       2.8061015    0.0076272963
       80.167806       2.8051423    0.0075779192
       80.537844       2.8042558    0.0075282443
       80.909590       2.8033261    0.0074872769
       81.283052       2.8023689    0.0074347558
       81.658237       2.8015114    0.0073818933
       82.035154       2.8005541    0.0073426928
       82.413812       2.7996959    0.0072914320
       82.794216       2.7988365    0.0072397821
       83.176377       2.7979800    0.0071878184
       83.560302       2.7971214    0.0071521453
       83.945999       2.7962643    0.0070996024
       84.333476       2.7954072    0.0070635272
       84.722741       2.7945489    0.0070251000
       85.113804       2.7937895    0.0069731987
       85.506671       2.7929333    0.0069340440
       85.901352       2.7921752    0.0068772762
       86.297855       2.7913623    0.0068373830
       86.696188       2.7905586    0.0067903799
       87.096359       2.7898018    0.0067526803
       87.498378       2.7890438    0.0067147397
       87.902252       2.7882846    0.0066757250
       88.307990       2.7875284    0.0066234000
       88.715601       2.7868027    0.0065814274
       89.125094       2.7860591    0.0065424550
       89.536477       2.7853158    0.0065032615
       89.949758       2.7845958    0.0064638050
       90.364947       2.7839294    0.0064241249
       90.782053       2.7831861    0.0063842309
       91.201084       2.7825222    0.0063440244
       91.622049       2.7817993    0.0063100000
       92.044957       2.7811553    0.0062629366
       92.469817       2.7805123    0.0062340000
       92.896639       2.7797683    0.0061999729
       93.325430       2.7791248    0.0061585974
       93.756201       2.7784819    0.0061169210
       94.188960       2.7778391    0.0060906446
       94.623716       2.7771954    0.0060327977
       95.060479       2.7765522    0.0060101423
       95.499259       2.7759719    0.0059673893
       95.940063       2.7753654    0.0059402000
       96.382902       2.7747219    0.0059013718
       96.827786       2.7740858    0.0058782555
       97.274722       2.7735343    0.0058345115
       97.723722       2.7729278    0.0057905669
       98.174794       2.7723481    0.0057669681
       98.627949       2.7718047    0.0057297207
       99.083194       2.7711616    0.0056985946
       99.540542       2.7706175    0.0056733000
       100.00000       2.7700752    0.0056311000
       100.46158       2.7695296    0.0055886000
       100.92529       2.7689836    0.0055589594
       101.39114       2.7684484    0.0055349329
       101.85914       2.7678966    0.0055096522
       102.32930       2.7673555    0.0054809000
       102.80163       2.7668114    0.0054381324
       103.27614       2.7662772    0.0054127858
       103.75284       2.7658279    0.0053711000
       104.23174       2.7652885    0.0053405716
       104.71285       2.7647931    0.0053145289
       105.19619       2.7642641    0.0052888154
       105.68175       2.7637521    0.0052590000
       106.16956       2.7633091    0.0052362000
       106.65961       2.7627742    0.0051875360
       107.15193       2.7623461    0.0051612751
       107.64652       2.7618195    0.0051350231
       108.14340       2.7613926    0.0051085934
       108.64256       2.7609645    0.0050819445
       109.14403       2.7604312    0.0050544872
       109.64782       2.7600019    0.0050274235
       110.15393       2.7595792    0.0050009109
       110.66238       2.7591480    0.0049555000
       111.17317       2.7587189    0.0049314000
       111.68632       2.7582295    0.0049072000
       112.20185       2.7577568    0.0048828000
       112.71975       2.7573335    0.0048624057
       113.24004       2.7570000    0.0048336964
       113.76273       2.7565727    0.0048056150
       114.28783       2.7561457    0.0047774112
       114.81536       2.7557157    0.0047486150
       115.34533       2.7552872    0.0047198279
       115.87774       2.7548578    0.0046907364
       116.41260       2.7545299    0.0046834000
       116.94994       2.7541000    0.0046579000
       117.48976       2.7536847    0.0046282513
       118.03206       2.7533423    0.0045989286
       118.57687       2.7529144    0.0045805000
       119.12420       2.7525846    0.0045544000
       119.67405       2.7521584    0.0045094056
       120.22644       2.7518258    0.0045017000
       120.78138       2.7514989    0.0044750578
       121.33889       2.7510850    0.0044444732
       121.89896       2.7507392    0.0044403246
       122.46162       2.7504099    0.0044093856
       123.02688       2.7500419    0.0043831112
       123.59474       2.7496557    0.0043673000
       124.16523       2.7493257    0.0043399000
       124.73835       2.7489938    0.0043115423
       125.31412       2.7517883    0.0042653045
       125.89254       2.7522149    0.0042454452
       126.47363       2.7526404    0.0042257049
       127.05741       2.7530660    0.0042060563
       127.64388       2.7534926    0.0041864453
       128.23306       2.7539202    0.0041668723
       128.82496       2.7543475    0.0041473925
       129.41958       2.7547387    0.0041281983
       130.01696       2.7551300    0.0041090929
       130.61709       2.7555222    0.0040900247
       131.21999       2.7559154    0.0040709928
       131.82567       2.7563086    0.0040520496
       132.43415       2.7566710    0.0040330950
       133.04544       2.7570332    0.0040142283
       133.65955       2.7573939    0.0039955226
       134.27650       2.7577532    0.0039769754
       134.89629       2.7581125    0.0039585143
       135.51894       2.7584736    0.0039400427
       136.14447       2.7588348    0.0039216567
       136.77288       2.7591957    0.0039033460
       137.40420       2.7595564    0.0038851103
       138.03843       2.7599171    0.0038669597
       138.67558       2.7602447    0.0038489565
       139.31568       2.7605722    0.0038310373
       139.95873       2.7609006    0.0038131572
       140.60475       2.7612299    0.0037953155
       141.25375       2.7615592    0.0037775578
       141.90575       2.7618862    0.0037599691
       142.56076       2.7622132    0.0037424622
       143.21879       2.7625411    0.0037249939
       143.87986       2.7628698    0.0037075640
       144.54398       2.7631984    0.0036902165
       145.21116       2.7634924    0.0036730719
       145.88143       2.7637864    0.0036560071
       146.55478       2.7640812    0.0036389811
       147.23125       2.7643768    0.0036219937
       147.91084       2.7646724    0.0036050856
       148.59356       2.7649680    0.0035882344
       149.27944       2.7652635    0.0035714619
       149.96848       2.7655582    0.0035548045
       150.66071       2.7658520    0.0035382605
       151.35612       2.7661458    0.0035217935
       152.05475       2.7664087    0.0035053281
       152.75661       2.7666714    0.0034889393
       153.46170       2.7669505    0.0034726373
       154.17005       2.7672460    0.0034564216
       154.88166       2.7675415    0.0034402818
       155.59656       2.7678029    0.0034242840
       156.31476       2.7680642    0.0034083606
       157.03628       2.7683263    0.0033924565
       157.76113       2.7685892    0.0033765708
       158.48932       2.7688521    0.0033607594
       159.22087       2.7691152    0.0033450431
       159.95580       2.7693782    0.0033294003
       160.69413       2.7696241    0.0033138840
       161.43586       2.7698531    0.0032984917
       162.18101       2.7700822    0.0032831707
       162.92960       2.7703115    0.0032678571
       163.68165       2.7705407    0.0032526149
       164.43717       2.7707864    0.0032374544
       165.19618       2.7710487    0.0032223751
       165.95869       2.7713110    0.0032073661
       166.72472       2.7715080    0.0031924069
       167.49429       2.7717049    0.0031775174
       168.26741       2.7719183    0.0031626660
       169.04409       2.7721483    0.0031478530
       169.82437       2.7723783    0.0031331102
       170.60824       2.7726073    0.0031185754
       171.39573       2.7728364    0.0031041081
       172.18686       2.7730493    0.0030896772
       172.98164       2.7732459    0.0030752831
       173.78008       2.7734426    0.0030609560
       174.58222       2.7736395    0.0030466774
       175.38805       2.7738365    0.0030324654
       176.19760       2.7740331    0.0030183457
       177.01090       2.7742294    0.0030043173
       177.82794       2.7744257    0.0029903542
       178.64876       2.7746223    0.0029764814
       179.47336       2.7748189    0.0029626731
       180.30177       2.7749995    0.0029489000
       181.13401       2.7751636    0.0029351620
       181.97009       2.7753278    0.0029214880
       182.81002       2.7755243    0.0029079272
       183.65383       2.7757207    0.0028944294
       184.50154       2.7759011    0.0028809871
       185.35316       2.7760651    0.0028676001
       186.20871       2.7762292    0.0028542753
       187.06821       2.7763936    0.0028409569
       187.93168       2.7765580    0.0028277005
       188.79913       2.7767218    0.0028145604
       189.67059       2.7768851    0.0028015343
       190.54607       2.7770484    0.0027885685
       191.42559       2.7772128    0.0027755923
       192.30917       2.7773772    0.0027626761
       193.19683       2.7775414    0.0027498223
       194.08859       2.7777055    0.0027370307
       194.98446       2.7778696    0.0027242988
       195.88447       2.7780334    0.0027116719
       196.78863       2.7781971    0.0026991034
       197.69696       2.7783443    0.0026866160
       198.60949       2.7784751    0.0026742089
       199.52623       2.7786060    0.0026618590
       200.44720       2.7787371    0.0026494732
       201.37242       2.7788683    0.0026371446
       202.30192       2.7790160    0.0026248910
       203.23570       2.7791804    0.0026127120
       204.17379       2.7793447    0.0026005895
       205.11622       2.7794755    0.0025885346
       206.06299       2.7796064    0.0025765355
       207.01413       2.7797374    0.0025645890
       207.96967       2.7798686    0.0025526948
       208.92961       2.7799999    0.0025408558
       209.89399       2.7801310    0.0025290735
       210.86281       2.7802621    0.0025173459
       211.83611       2.7803932    0.0025056947
       212.81390       2.7805242    0.0024941193
       213.79621       2.7806552    0.0024825975
       214.78305       2.7807866    0.0024710418
       215.77444       2.7809181    0.0024595395
       216.77041       2.7810492    0.0024481357
       217.77098       2.7811801    0.0024368291
       218.77616       2.7813109    0.0024255747
       219.78599       2.7814095    0.0024143294
       220.80047       2.7815080    0.0024031361
       221.81964       2.7816229    0.0023919742
       222.84351       2.7817542    0.0023808435
       223.87211       2.7818854    0.0023697647
       224.90546       2.7820167    0.0023587809
       225.94358       2.7821480    0.0023478480
       226.98649       2.7822625    0.0023369873
       228.03421       2.7823606    0.0023261979
       229.08677       2.7824587    0.0023154584
       230.14418       2.7825571    0.0023047293
       231.20648       2.7826556    0.0022940499
       232.27368       2.7827704    0.0022834209
       233.34581       2.7829018    0.0022728421
       234.42288       2.7830330    0.0022623125
       235.50493       2.7831311    0.0022518720
       236.59197       2.7832293    0.0022414797
       237.68403       2.7833277    0.0022310961
       238.78113       2.7834262    0.0022207214
       239.88329       2.7835248    0.0022103951
       240.99054       2.7836231    0.0022001981
       242.10290       2.7837214    0.0021900482
       243.22040       2.7838197    0.0021799251
       244.34306       2.7839180    0.0021698288
       245.47089       2.7840164    0.0021597793
       246.60393       2.7841148    0.0021497789
       247.74221       2.7842133    0.0021398247
       248.88573       2.7843116    0.0021299139
       250.03454       2.7844098    0.0021200462
       251.18864       2.7845080    0.0021102243
       252.34808       2.7846063    0.0021004929
       253.51286       2.7847046    0.0020908064
       254.68303       2.7848030    0.0020811453
       255.85859       2.7849015    0.0020715095
       257.03958       2.7849999    0.0020619183
       258.22602       2.7850981    0.0020523646
       259.41794       2.7851964    0.0020428552
       260.61535       2.7852947    0.0020333916
       261.81830       2.7853931    0.0020239736
       263.02680       2.7854915    0.0020145992
       264.24088       2.7855573    0.0020052728
       265.46056       2.7856230    0.0019959896
       266.68587       2.7857051    0.0019867456
       267.91683       2.7858035    0.0019775408
       269.15348       2.7859018    0.0019683787
       270.39584       2.7859673    0.0019592933
       271.64393       2.7860328    0.0019502498
       272.89778       2.7861147    0.0019412296
       274.15742       2.7862132    0.0019322328
       275.42287       2.7863116    0.0019232777
       276.69416       2.7863771    0.0019143982
       277.97133       2.7864427    0.0019055597
       279.25438       2.7865246    0.0018967576
       280.54336       2.7866229    0.0018879919
       281.83829       2.7867211    0.0018792668
       283.13920       2.7867868    0.0018705891
       284.44611       2.7868524    0.0018619515
       285.75905       2.7869181    0.0018533280
       287.07806       2.7869837    0.0018447190
       288.40315       2.7870493    0.0018361501
       289.73436       2.7871477    0.0018276967
       291.07171       2.7872460    0.0018192822
       292.41524       2.7873279    0.0018108807
       293.76497       2.7873935    0.0018024926
       295.12092       2.7874590    0.0017941433
       296.48314       2.7875245    0.0017858658
       297.85164       2.7875900    0.0017776264
       299.22646       2.7876556    0.0017694206
       300.60763       2.7877211    0.0017612480
       301.99517       2.7877866    0.0017531133
       303.38912       2.7878523    0.0017450267
       304.78950       2.7879180    0.0017369774
       306.19634       2.7879672    0.0017289510
       307.60968       2.7879999    0.0017209476
       309.02954       2.7880327    0.0017129813
       310.45596       2.7880982    0.0017050851
       311.88896       2.7881638    0.0016972254
       313.32857       2.7882130    0.0016893976
       314.77483       2.7882458    0.0016816016
       316.22777       2.7882786    0.0016738417
       317.68741       2.7883441    0.0016661090
       319.15379       2.7884097    0.0016584121
       320.62693       2.7884590    0.0016507681
       322.10688       2.7884918    0.0016431765
       323.59366       2.7885247    0.0016356197
       325.08730       2.7885902    0.0016280677
       326.58783       2.7886557    0.0016205506
       328.09529       2.7887049    0.0016130640
       329.60971       2.7887377    0.0016056078
       331.13112       2.7887705    0.0015981861
       332.65955       2.7888032    0.0015908525
       334.19504       2.7888359    0.0015835525
       335.73761       2.7888851    0.0015762519
       337.28731       2.7889508    0.0015689504
       338.84416       2.7890164    0.0015616830
       340.40819       2.7890491    0.0015545211
       341.97944       2.7890819    0.0015473920
       343.55795       2.7891146    0.0015402709
       345.14374       2.7891474    0.0015331579
       346.73685       2.7891802    0.0015260778
       348.33732       2.7892130    0.0015190232
       349.94517       2.7892459    0.0015120013
       351.56044       2.7892787    0.0015050171
       353.18317       2.7893115    0.0014980705
       354.81339       2.7893443    0.0014911558
       356.45113       2.7894099    0.0014842407
       358.09644       2.7894754    0.0014773577
       359.74934       2.7895245    0.0014705328
       361.40986       2.7895573    0.0014637654
       363.07805       2.7895901    0.0014570291
       364.75395       2.7896557    0.0014502755
       366.43757       2.7897213    0.0014435531
       368.12897       2.7897869    0.0014368747
       369.82818       2.7898523    0.0014302397
       371.53523       2.7899178    0.0014236354
       373.25016       2.7899507    0.0014170132
       374.97300       2.7899835    0.0014104217
       376.70380       2.7900326    0.0014038869
       378.44258       2.7900982    0.0013974083
       380.18940       2.7901638    0.0013909597
       381.94427       2.7901967    0.0013845083
       383.70725       2.7902295    0.0013780868
       385.47836       2.7902786    0.0013717070
       387.25764       2.7903441    0.0013653687
       389.04514       2.7904096    0.0013590596
       390.84090       2.7904425    0.0013527328
       392.64494       2.7904753    0.0013464353
       394.45730       2.7905245    0.0013402002
       396.27803       2.7905900    0.0013340268
       398.10717       2.7906556    0.0013278818
       399.94475       2.7906884    0.0013217329
       401.79081       2.7907212    0.0013156125
       403.64539       2.7907540    0.0013095041
       405.50854       2.7907868    0.0013034076
       407.38028       2.7908196    0.0012973395
       409.26066       2.7908852    0.0012913649
       411.14972       2.7909507    0.0012854178
       413.04750       2.7909835    0.0012794822
       414.95404       2.7909835    0.0012735581
       416.86938       2.7909835    0.0012676615
       418.79357       2.7910163    0.0012618577
       420.72663       2.7910491    0.0012560805
       422.66861       2.7910819    0.0012503145
       424.61956       2.7911147    0.0012445596
       426.57952       2.7911475    0.0012388312
       428.54852       2.7911475    0.0012331098
       430.52661       2.7911475    0.0012274147
       432.51383       2.7911638    0.0012217574
       434.51022       2.7911966    0.0012161375
       436.51583       2.7912294    0.0012105435
       438.53070       2.7912622    0.0012049873
       440.55486       2.7912950    0.0011994567
       442.58837       2.7913114    0.0011939419
       444.63127       2.7913114    0.0011884429
       446.68359       2.7913115    0.0011829692
       448.74539       2.7913442    0.0011775544
       450.81670       2.7913769    0.0011721643
       452.89758       2.7914097    0.0011667842
       454.98806       2.7914425    0.0011614139
       457.08819       2.7914753    0.0011560684
       459.19801       2.7914753    0.0011507279
       461.31757       2.7914753    0.0011454121
       463.44692       2.7914917    0.0011401372
       465.58609       2.7915245    0.0011349029
       467.73514       2.7915572    0.0011296926
       469.89411       2.7915573    0.0011245200
       472.06304       2.7915573    0.0011193711
       474.24199       2.7915737    0.0011142197
       476.43099       2.7916065    0.0011090659
       478.63009       2.7916393    0.0011039360
       480.83935       2.7916393    0.0010988954
       483.05880       2.7916393    0.0010938779
       485.28850       2.7916557    0.0010888570
       487.52849       2.7916885    0.0010838331
       489.77882       2.7917212    0.0010788324
       492.03954       2.7917540    0.0010738780
       494.31069       2.7917868    0.0010689463
       496.59232       2.7918032    0.0010640364
       498.88449       2.7918032    0.0010591482
       501.18723       2.7918032    0.0010542824
       503.50061       2.7918360    0.0010494244
       505.82466       2.7918688    0.0010445888
       508.15944       2.7919016    0.0010397787
       510.50500       2.7919344    0.0010349940
       512.86138       2.7919672    0.0010302312
       515.22864       2.7919999    0.0010254926
       517.60683       2.7920327    0.0010207758
       519.99600       2.7920655    0.0010160817
       522.39619       2.7920983    0.0010114102
       524.80746       2.7921310    0.0010067602
       527.22986       2.7921639    0.0010021219
       529.66344       2.7921967   0.00099750489
       532.10826       2.7922295   0.00099291189
       534.56436       2.7922623   0.00098834273
       537.03180       2.7922950   0.00098379459
       539.51062       2.7922950   0.00097926943
       542.00089       2.7922950   0.00097476508
       544.50265       2.7923114   0.00097028041
       547.01596       2.7923442   0.00096581534
       549.54087       2.7923770   0.00096137082
       552.07744       2.7924098   0.00095694472
       554.62571       2.7924426   0.00095253900
       557.18575       2.7924754   0.00094815600
       559.75760       2.7925082   0.00094379557
       562.34133       2.7925409   0.00093945520
       564.93697       2.7925409   0.00093513289
       567.54461       2.7925409   0.00093083048
       570.16427       2.7925573   0.00092654806
       572.79603       2.7925901   0.00092228555
       575.43994       2.7926229   0.00091804265
       578.09605       2.7926557   0.00091381753
       580.76442       2.7926885   0.00090961185
       583.44510       2.7927213   0.00090542570
       586.13816       2.7927541   0.00090125900
       588.84366       2.7927868   0.00089711146
       591.56163       2.7927868   0.00089298327
       594.29216       2.7927868   0.00088887407
       597.03529       2.7928032   0.00088478390
       599.79108       2.7928360   0.00088071267
       602.55959       2.7928688   0.00087666017
       605.34087       2.7929016   0.00087262650
       608.13500       2.7929343   0.00086861139
       610.94202       2.7929508   0.00086461207
       613.76201       2.7929508   0.00086062848
       616.59500       2.7929508   0.00085666325
       619.44108       2.7929836   0.00085272216
       622.30029       2.7930164   0.00084879920
       625.17269       2.7930327   0.00084489715
       628.05836       2.7930327   0.00084101587
       630.95734       2.7930327   0.00083715243
       633.86971       2.7930655   0.00083329334
       636.79552       2.7930983   0.00082945204
       639.73484       2.7931147   0.00082563123
       642.68772       2.7931147   0.00082183080
       645.65423       2.7931147   0.00081804786
       648.63443       2.7931475   0.00081428784
       651.62839       2.7931803   0.00081054509
       654.63617       2.7932131   0.00080681558
       657.65784       2.7932459   0.00080309927
       660.69345       2.7932786   0.00079940008
       663.74307       2.7932786   0.00079572337
       666.80677       2.7932786   0.00079206358
       669.88461       2.7932951   0.00078841911
       672.97666       2.7933278   0.00078478990
       676.08298       2.7933606   0.00078117741
       679.20363       2.7933606   0.00077758268
       682.33869       2.7933606   0.00077400449
       685.48823       2.7933770   0.00077044335
       688.65230       2.7934098   0.00076689918
       691.83097       2.7934426   0.00076337131
       695.02432       2.7934426   0.00075985660
       698.23240       2.7934426   0.00075635806
       701.45530       2.7934426   0.00075287841
       704.69307       2.7934426   0.00074941750
       707.94578       2.7934426   0.00074597251
       711.21351       2.7934426   0.00074253619
       714.49633       2.7934426   0.00073911569
       717.79429       2.7934590   0.00073571573
       721.10748       2.7934917   0.00073233616
       724.43596       2.7935245   0.00072897212
       727.77980       2.7935245   0.00072561671
       731.13908       2.7935245   0.00072227674
       734.51387       2.7935245   0.00071895255
       737.90423       2.7935245   0.00071564407
       741.31024       2.7935245   0.00071235081
       744.73197       2.7935245   0.00070907420
       748.16950       2.7935245   0.00070581265
       751.62289       2.7935245   0.00070256641
       755.09223       2.7935245   0.00069933540
       758.57758       2.7935245   0.00069611925
       762.07901       2.7935245   0.00069291529
       765.59661       2.7935245   0.00068972608
       769.13044       2.7935245   0.00068655388
       772.68059       2.7935245   0.00068339860
       776.24712       2.7935245   0.00068025781
       779.83011       2.7935245   0.00067712838
       783.42964       2.7935245   0.00067401334
       787.04579       2.7935245   0.00067091321
       790.67863       2.7935245   0.00066782790
       794.32823       2.7935245   0.00066475679
       797.99469       2.7935245   0.00066170014
       801.67806       2.7935245   0.00065865754
       805.37844       2.7935245   0.00065562743
       809.09590       2.7935245   0.00065260975
       812.83052       2.7935245   0.00064960596
       816.58237       2.7935245   0.00064661626
       820.35154       2.7935245   0.00064364031
       824.13812       2.7935245   0.00064067818
       827.94216       2.7935245   0.00063772980
       831.76377       2.7935245   0.00063479500
       835.60302       2.7935245   0.00063188119
       839.45999       2.7935245   0.00062898076
       843.33476       2.7935245   0.00062609017
       847.22741       2.7935245   0.00062320938
       851.13804       2.7935245   0.00062034185
       855.06671       2.7935245   0.00061748353
       859.01352       2.7935245   0.00061463838
       862.97855       2.7935245   0.00061181004
       866.96188       2.7935245   0.00060899838
       870.96359       2.7935245   0.00060619965
       874.98378       2.7935245   0.00060341262
       879.02252       2.7935245   0.00060063840
       883.07990       2.7935245   0.00059787713
       887.15601       2.7935245   0.00059512874
       891.25094       2.7935245   0.00059239298
       895.36477       2.7935245   0.00058966867
       899.49758       2.7935245   0.00058695688
       903.64947       2.7935245   0.00058425695
       907.82053       2.7935245   0.00058156884
       912.01084       2.7935245   0.00057889309
       916.22049       2.7935245   0.00057622844
       920.44957       2.7935245   0.00057357605
       924.69817       2.7935245   0.00057093740
       928.96639       2.7935245   0.00056831243
       933.25430       2.7935245   0.00056569953
       937.56201       2.7935245   0.00056309992
       941.88960       2.7935245   0.00056051226
       946.23716       2.7935245   0.00055793379
       950.60479       2.7935245   0.00055536448
       954.99259       2.7935245   0.00055280701
       959.40063       2.7934917   0.00055026675
       963.82902       2.7934589   0.00054773816
       968.27786       2.7934426   0.00054522181
       972.74722       2.7934426   0.00054271762
       977.23722       2.7934426   0.00054022494
       981.74794       2.7934426   0.00053773848
       986.27949       2.7934426   0.00053526345
       990.83194       2.7934426   0.00053280151
       995.40542       2.7934426   0.00053035258
       1000.0000       2.7934426   0.00052791489
